0.0 0.0 0.0 0.0 0.0 0.0 0.0
0.0 0.0 0.0 0.0 0.0 0.0 0.0
0.0 0.0 0.0 0.0 0.0 0.0 0.0
0.0 0.0 0.0 0.0 0.0 0.0 0.0
0.0 0.0 0.0 0.0 0.0 0.0 0.0
0.0 0.0 0.0 -7.466686719592285e-06 0.0038590342414416318 2.8814414276847893e-08 0.9999925538717631
0.9973921775817871 -0.010392353869974613 0.0001309723884332925 8.393973064300217e-06 0.0038432737215353782 -0.0026701192458893535 0.9999890497599738
0.9880587458610535 -0.017682330682873726 0.0005159027641639113 2.2050484277801987e-05 0.0037706728274386576 0.00043617852401331745 0.9999927956182983
0.993602991104126 -0.026163138449192047 0.0008116975077427924 4.5300208030005396e-05 0.0036945379746935827 0.004689291824584635 0.9999821792808253
1.0161985158920288 -0.02268795855343342 0.0008986500324681401 5.394555194842076e-05 0.0036487837342502956 0.005604066418601923 0.9999776387033432
1.0439103841781616 -0.031921982765197754 0.0010853075655177236 7.705301244027821e-05 0.003617943757002492 0.009672364115898098 0.9999466735372511
1.089945673942566 -0.02714713290333748 0.0012478065909817815 0.00011886094101539542 0.0035605077833154985 0.007662339345732427 0.9999642979687587
1.1232719421386719 -0.03012503869831562 0.0014713609125465155 0.00011180336148386347 0.0035257723757580062 0.010304585796810742 0.9999406842111781
1.1565779447555542 -0.02231450378894806 0.0018353137420490384 0.00015378469111339724 0.003502510968683294 0.01291547271003834 0.9999104456559393
1.19441819190979 -0.029330214485526085 0.002299551386386156 0.00018791308570941182 0.003464340916929285 0.011592796511151967 0.9999267823694565
1.2290598154067993 -0.018238741904497147 0.0028711084742099047 0.00020363899587051118 0.003466085989389778 0.01653943498432016 0.9998571857367795
1.2627177238464355 -0.010921133682131767 0.003555750008672476 0.00021818024077260905 0.003435920113084148 0.015423026841107008 0.999875130750544
1.2865564823150635 -0.017705364152789116 0.0043158456683158875 0.00022793406389127208 0.003430775499652569 0.01259316484093553 0.9999147913821569
1.3724210262298584 -0.009416644461452961 0.005196614656597376 0.0002517625726944773 0.0034372877349171382 0.014991528744311552 0.999881680867563
1.371059536933899 0.002614192431792617 0.006145438179373741 0.0002597302768594286 0.00342781035114234 0.015997118930631524 0.999866128460355
1.4495471715927124 -0.0003089310775976628 0.007158022839576006 0.0002443895696224275 0.0034544683962285183 0.015437093856413961 0.9998748436955027
1.4762518405914307 -0.008701127953827381 0.008269398473203182 0.00026832054515728927 0.0034622003027168814 0.017661998703190032 0.9998379843629455
1.4817758798599243 0.021599214524030685 0.009408804588019848 0.0002708582761951023 0.003478444275466509 0.014549009161717938 0.9998880704327004
1.544010877609253 0.018670441582798958 0.010621006600558758 0.0002526819506299784 0.0035191563246064184 0.026458730804898696 0.9996436801454751
1.5991860628128052 0.013942732475697994 0.011878232471644878 0.0002340919915215414 0.0035321152593816648 0.028579281040654294 0.9995852610247576
1.602586269378662 0.016823183745145798 0.01315153669565916 0.0002052318557428043 0.003572875314415466 0.024027220113094636 0.9997048990254623
1.6708461046218872 0.022981172427535057 0.014479349367320538 0.00021772527161436638 0.003605888707348635 0.032269231738971 0.9994726843917812
1.6838970184326172 0.011514072306454182 0.015744930133223534 0.00020464986321902366 0.0036263713492853426 0.03349053000994913 0.9994324349093956
1.7303673028945923 0.027385301887989044 0.01695980504155159 0.0002057788360540524 0.0036594038617331045 0.03639517819138556 0.9993307547668413
1.790298342704773 0.020561357960104942 0.018167249858379364 0.0001846230306839378 0.003671910246917901 0.04059877393674109 0.9991687657970042
1.833438754081726 0.01759685017168522 0.019363993778824806 0.0001711348907018389 0.0037061751317609003 0.04658988572080412 0.9989072116704656
1.893289566040039 0.02182437852025032 0.02053583227097988 0.00016663680243758362 0.003713486116067621 0.04591714038965954 0.9989383356701643
1.9521600008010864 0.05724450945854187 0.021671047434210777 0.0001824522161639275 0.0037498621435593225 0.04423477524738765 0.9990141089613831
2.01541805267334 0.05244810879230499 0.022753993049263954 0.00015817187263233382 0.003756653810050858 0.04771225160175668 0.9988540451842306
2.0514941215515137 0.050778962671756744 0.02375544235110283 0.00014356969224886445 0.0037985338674622194 0.053964700471311244 0.9985356085945272
2.116826057434082 0.06754211336374283 0.02468668669462204 0.00012565947633326423 0.003805708097283109 0.053967318067467726 0.9985354422233489
2.1639816761016846 0.05052103474736214 0.025511225685477257 9.503760263810269e-05 0.0038471712715331436 0.06290659656326283 0.9980119991011572
2.214710235595703 0.05086752027273178 0.02623928338289261 2.8229641175400768e-05 0.0038546811031016977 0.057168006687355 0.9983571303136346
2.2809603214263916 0.07365351915359497 0.02681293711066246 -0.0005283578876050967 0.0038280197552092443 0.0074491336602335095 0.9999647881352665
2.317793130874634 0.08253927528858185 0.027247527614235878 -0.00110901060631398 0.0037987796464710667 -0.042083615111253865 0.9991062549638253
2.3649485111236572 0.050144899636507034 0.027537815272808075 -0.001653173827413273 0.0038161061197877714 -0.08502883647918325 0.9963698115245039
2.418841600418091 0.06641183793544769 0.027718480676412582 -0.0021840555323517823 0.003851340829734192 -0.13997255761394106 0.9901454843558378
2.4607911109924316 0.05246388539671898 0.027779797092080116 -0.00264193378512229 0.003955233896575902 -0.19150623145172235 0.981479872246934
2.5116376876831055 0.03109196573495865 0.02772483602166176 -0.0031491948899189798 0.004086613797992842 -0.24880348754223455 0.9685402452898033
2.560424566268921 0.008377522230148315 0.027561459690332413 -0.0034459076661602726 0.004232049061926028 -0.2960706684055654 0.9551504461554606
2.605093479156494 -0.028773216530680656 0.027263613417744637 -0.0036632811710367945 0.004411487907425158 -0.34161079942436623 0.9398240158998652
2.6390480995178223 -0.06038713455200195 0.026925336569547653 -0.0034728408248164617 0.00449209607530229 -0.3535728289105655 0.935389766410578
2.68479061126709 -0.07736019045114517 0.026367105543613434 -0.003241995974950927 0.004537648856959417 -0.35267543608252133 0.9357290932684271
2.7056219577789307 -0.11145740747451782 0.025488177314400673 -0.00336803101603717 0.004723256506603766 -0.3928373156130275 0.9195896860431823
2.7520925998687744 -0.14743058383464813 0.024352021515369415 -0.003386278318925203 0.0049925402636529625 -0.44075708460826213 0.8976061497274224
2.7866337299346924 -0.19125409424304962 0.022978806868195534 -0.0034317474564066774 0.005225695094301464 -0.4839487635176635 0.8750740023048917
2.8066139221191406 -0.23415061831474304 0.021315377205610275 -0.003083456846928244 0.005287447511776825 -0.4887404103816353 0.872407786790486
2.831557512283325 -0.2893400490283966 0.019328594207763672 -0.0030084146431194995 0.005515437769957285 -0.5270952382870645 0.8497829953362467
2.8553338050842285 -0.35291242599487305 0.016931859776377678 -0.002799603497298357 0.005767871665846976 -0.5706827539507523 0.821145595019476
2.8722643852233887 -0.3847195506095886 0.014120958745479584 -0.002550612326411113 0.005995876336967393 -0.6085771125283238 0.7934679841999929
2.883542060852051 -0.4315226674079895 0.01080677006393671 -0.002209771210023913 0.006173592148276131 -0.6436218186662831 0.7653155938617039
2.881206750869751 -0.4848734140396118 0.006946503650397062 -0.001714604579173938 0.0061617319883700465 -0.6477679729542325 0.7618108337407689
2.8871188163757324 -0.5377585291862488 0.0024238626938313246 -0.0011920456128882144 0.006064486595130702 -0.6442334141036202 0.7648039678126597
2.887570381164551 -0.5697813630104065 -0.0028261730913072824 -0.0007154831004744932 0.006009968760279597 -0.6423599226705071 0.7663792129919583
2.899726390838623 -0.6097468137741089 -0.008843536488711834 -0.0002022335255395588 0.005878104519961327 -0.6384965624115894 0.769602200346021
2.9158926010131836 -0.6812744140625 -0.015692587941884995 0.0002807254959742063 0.005811005475476034 -0.6396651211023665 0.768631697403675
2.9290995597839355 -0.7230520844459534 -0.02345781959593296 0.0008034922636148892 0.005644822804651664 -0.6384823136350404 0.7696153750744148
2.9236598014831543 -0.77684086561203 -0.03210793808102608 0.0012148032811055058 0.005571951251835291 -0.6323074117132719 0.7746965952582328
2.934448003768921 -0.8178730010986328 -0.04176607355475426 0.0017227957775609115 0.0053834414968631054 -0.6290132534760035 0.7773740267618231
2.9387295246124268 -0.8814657330513 -0.05239785462617874 0.002136904162357574 0.005288335348784849 -0.6279680235383099 0.7782182396752394
2.957488536834717 -0.9203348159790039 -0.06410892307758331 0.0026265247465327595 0.005069956938704114 -0.6256728339801001 0.7800646779105599
2.956376791000366 -0.9631730914115906 -0.076015904545784 0.002998471545009087 0.0049766596705779235 -0.6247858322185612 0.7807745550963329
2.9737679958343506 -1.0210521221160889 -0.0893544852733612 0.0033979832044331144 0.004773448245693075 -0.6208092689127781 0.7839397422850624
2.9852957725524902 -1.0767356157302856 -0.10422379523515701 0.00369751473137081 0.0046938297495057 -0.6197376545925184 0.7847862994645475
2.993312120437622 -1.1007493734359741 -0.12036577612161636 0.004038550779645143 0.004499621583363518 -0.617092221441386 0.786867608781644
3.0001349449157715 -1.1314679384231567 -0.13767242431640625 0.004304698691646324 0.004404283433270287 -0.6196324354618988 0.7848679613668591
3.0210747718811035 -1.1768114566802979 -0.15615667402744293 0.004597727836644312 0.0042184898673483535 -0.6174853731008217 0.786557613432429
3.0300493240356445 -1.2045619487762451 -0.17576904594898224 0.004813251353811101 0.004131243693171262 -0.6183004302503776 0.7859162445128303
3.050980567932129 -1.2596901655197144 -0.19654272496700287 0.005052051528466252 0.00398364475036523 -0.6155285508393691 0.7880883265544812
3.056190252304077 -1.3123899698257446 -0.21849671006202698 0.005234139999357617 0.003879930870845101 -0.6141148662372253 0.7891897623394131
3.062115430831909 -1.371769905090332 -0.24166429042816162 0.0054308125421818135 0.0037797361261646288 -0.6107326362221415 0.7918092364472024
3.061829090118408 -1.4039113521575928 -0.26621776819229126 0.005605956395513604 0.0034669684905727265 -0.5981041202678362 0.8013912993669289
3.072678565979004 -1.4058632850646973 -0.2868296504020691 0.005696638286274365 0.003380252609562213 -0.5958014073544129 0.8031044796282935
3.072678565979004 -1.4058632850646973 -0.2868296504020691 0.005696638286274365 0.003380252609562213 -0.5958014073544129 0.8031044796282935
3.072678565979004 -1.4058632850646973 -0.2868296504020691 0.005696638286274365 0.003380252609562213 -0.5958014073544129 0.8031044796282935
3.072678565979004 -1.4058632850646973 -0.2868296504020691 0.005696638286274365 0.003380252609562213 -0.5958014073544129 0.8031044796282935
