0 0.0 0.0 0.0 0.0 0.0 0.0 0.0 0.0
0 0.0 0.0 0.0 0.0 0.0 0.0 0.0 0.0
0 0.0 0.0 0.0 0.0 0.0 0.0 0.0 0.0
0 0.0 0.0 0.0 0.0 0.0 0.0 0.0 0.0
0 0.0 0.0 0.0 0.0 0.0 0.0 0.0 0.0
0 0.0 0.0 0.0 0.0 0.0 0.0 0.0 0.0
0 0.0 0.0 0.0 0.0 0.0 0.0 0.0 0.0
0 0.0 0.0 0.0 0.0 0.0 0.0 0.0 0.0
0 0.0 0.0 0.0 0.0 0.0 0.0 0.0 0.0
0 0.0 0.0 0.0 0.0 0.0 0.0 0.0 0.0
0 0.0 0.0 0.0 0.0 0.0 0.0 0.0 0.0
0 0.0 0.0 0.0 0.0 0.0 0.0 0.0 0.0
0 0.0 0.0 0.0 0.0 0.0 0.0 0.0 0.0
0 0.0 0.0 0.0 0.0 0.0 0.0 0.0 0.0
0 0.0 0.0 0.0 0.0 0.0 0.0 0.0 0.0
0 0.0 0.0 0.0 0.0 0.0 0.0 0.0 0.0
0 0.0 0.0 0.0 0.0 0.0 0.0 0.0 0.0
0 0.0 0.0 0.0 0.0 0.0 0.0 0.0 0.0
0 0.0 0.0 0.0 0.0 0.0 0.0 0.0 0.0
0 0.0 0.0 0.0 0.0 0.0 0.0 0.0 0.0
0 0.0 0.0 0.0 0.0 0.0 0.0 0.0 0.0
0 0.0 0.0 0.0 0.0 0.0 0.0 0.0 0.0
0 0.0 0.0 0.0 0.0 0.0 0.0 0.0 0.0
0 0.0 0.0 0.0 0.0 0.0 0.0 0.0 0.0
0 0.0 0.0 0.0 0.0 0.0 0.0 0.0 0.0
0 0.0 0.0 0.0 0.0 0.0 0.0 0.0 0.0
0 0.0 0.0 0.0 0.0 0.0 0.0 0.0 0.0
0 0.0 0.0 0.0 0.0 0.0 0.0 0.0 0.0
0 0.0 0.0 0.0 0.0 0.0 0.0 0.0 0.0
0 0.0 0.0 0.0 0.0 0.0 0.0 0.0 0.0
0 0.0 0.0 0.0 0.0 0.0 0.0 0.0 0.0
0 0.0 0.0 0.0 0.0 0.0 0.0 0.0 0.0
0 0.0 0.0 0.0 0.0 0.0 0.0 0.0 0.0
0 0.0 0.0 0.0 0.0 0.0 0.0 0.0 0.0
0 0.0 0.0 0.0 0.0 0.0 0.0 0.0 0.0
0 0.0 0.0 0.0 0.0 0.0 0.0 0.0 0.0
0 0.0 0.0 0.0 0.0 0.0 0.0 0.0 0.0
0 0.0 0.0 0.0 0.0 0.0 0.0 0.0 0.0
0 0.0 0.0 0.0 0.0 0.0 0.0 0.0 0.0
0 0.0 0.0 0.0 0.0 0.0 0.0 0.0 0.0
0 0.0 0.0 0.0 0.0 0.0 0.0 0.0 0.0
0 0.0 0.0 0.0 0.0 0.0 0.0 0.0 0.0
0 0.0 0.0 0.0 0.0 0.0 0.0 0.0 0.0
0 0.0 0.0 0.0 0.0 0.0 0.0 0.0 0.0
0 0.0 0.0 0.0 0.0 0.0 0.0 0.0 0.0
0 0.0 0.0 0.0 0.0 0.0 0.0 0.0 0.0
3712 -2.0005785715897058 3.003015730863503 0.0 0.0 0.0 0.0 0.0 0.0
3715 -2.000579124737478 3.0030183447913164 0.0 0.0 0.0 0.0 0.0 0.0
3718 -2.0005796780664884 3.003020959036952 0.0 0.0 0.0 0.0 0.0 0.0
3721 -2.000580231576767 3.0030235736003417 0.0 0.0 0.0 0.0 0.0 0.0
3724 -2.0005807852681596 3.0030261884805207 0.0 0.0 0.0 0.0 0.0 0.0
3727 -2.000581339140525 3.0030288036765627 0.0 0.0 0.0 0.0 0.0 0.0
3729 -2.000581710336424 3.003030556035353 0.0 0.0 0.0 0.0 0.0 0.0
3733 -2.000582447429159 3.003034035020274 -3.715350685673498e-09 6.4892270165803505e-09 0.0 0.0 0.0 -0.0
3735 -2.000582818868079 3.003035787804215 -5.1330950356157e-09 8.940396439861167e-09 0.0 0.0 0.0 -0.0
3739 -2.000583556443375 3.003039267633221 0.0012369915990834263 -0.022946259654522155 0.0005265161162242293 -0.012870841659605503 0.0005265159998089075 -0.012870840728282928
3741 -2.0005839281254625 3.003041020842442 0.0013720274364467538 -0.025440987140220236 0.0005265161162242293 -0.012870841659605503 0.0005265159998089075 -0.012870840728282928
3745 -2.0005846661836086 3.0030445015157854 0.0021286078039633805 -0.012290573432351796 0.0015397857641801238 -0.002029290422797203 0.0015397854149341583 -0.0020292906556278467
3747 -2.000585038109033 3.0030462551505432 0.0023216747509707822 -0.013404433596627175 0.0015397857641801238 -0.002029290422797203 0.0015397854149341583 -0.0020292906556278467
3751 -2.0005857766504205 3.0030497366697397 0.003727318453834539 -0.007106836309136 0.0030824472196400166 -0.0004576598294079304 0.0030824465211480856 -0.00045766023686155677
3753 -2.0005861488192713 3.003051490730674 0.004013645490947476 -0.007647988145566879 0.0030824472196400166 -0.0004576598294079304 0.0030824465211480856 -0.00045766023686155677
3757 -2.0005868878438453 3.003054973095223 0.0013193407861803454 -0.010969389250718588 -0.0015406557358801365 -0.009640349075198174 -0.0015406550373882055 -0.009640348143875599
3759 -2.000587260256175 3.0030567275820568 0.001404564838844189 -0.011682947281936081 -0.0015406557358801365 -0.009640349075198174 -0.0015406550373882055 -0.009640348143875599
3763 -2.000587999764293 3.003060210792568 0.0038252400993131486 -0.013723485119038472 0.005172812379896641 -0.011050714179873466 0.005172810982912779 -0.011050712317228317
3765 -2.0005883724206486 3.003061965707412 0.004046195057711403 -0.014512566098273717 0.005172812379896641 -0.011050714179873466 0.005172810982912779 -0.011050712317228317
3769 -2.0005891124134956 3.0030654497684943 0.004687366498372982 -0.016095833871482303 0.004042870830744505 -0.0130776884034276 0.00404286989942193 -0.013077686540782452
3771 -2.00058948531382 3.003067205110437 0.004938029225681724 -0.016952789648198786 0.004042870830744505 -0.0130776884034276 0.00404286989942193 -0.013077686540782452
3775 -2.000590225791046 3.0030706900191815 0.0016544866793649512 -0.01768555648703376 -0.00451664300635457 -0.013307474553585052 -0.004516641143709421 -0.013307472690939903
3777 -2.0004360985203498 3.0030777649443587 0.0021247142604438494 -0.018502529421368662 -0.00451664300635457 -0.013307474553585052 -0.004516641143709421 -0.013307472690939903
3781 -1.9994563449119356 3.003127444184123 0.0006439621588321528 -0.01997177212487292 -0.005108002573251724 -0.01722235046327114 -0.005108000710606575 -0.017222348600625992
3783 -1.9987879925697767 3.00316092401181 0.0015879271716535376 -0.020749743094156843 -0.005108002573251724 -0.01722235046327114 -0.005108000710606575 -0.017222348600625992
3787 -1.997457156884985 3.003227836756042 0.0019626428990496478 -0.020062241829875756 -0.0021437935065478086 -0.013247756287455559 -0.0021437921095639467 -0.013247755356132984
3790 -1.996131350231637 3.003294165772854 0.0032564357983749623 -0.020761890977194226 -0.0021437935065478086 -0.013247756287455559 -0.0021437921095639467 -0.013247755356132984
3793 -1.9943012281954429 3.003385233783134 0.005212946939054011 -0.020887392165155044 2.777203917503357e-05 -0.016354108229279518 2.777284498733934e-05 -0.01635410636663437
3796 -1.9922865831775136 3.0034855309602504 0.007487741037242895 -0.021604523991235164 2.777203917503357e-05 -0.016354108229279518 2.777284498733934e-05 -0.01635410636663437
3798 -1.9909332147732377 3.0035530370863204 0.010690239278027085 -0.020514570114382635 0.005434741266071796 -0.01319897547364235 0.005434740334749222 -0.013198974542319775
3802 -1.9874353599949963 3.00372720336255 0.013282779119969876 -0.020978496438989913 0.005434741266071796 -0.01319897547364235 0.005434740334749222 -0.013198974542319775
3804 -1.985401476065076 3.0038283164389123 0.01970136506343463 -0.01978198283897646 0.018478024750947952 -0.01279413141310215 0.018478017300367355 -0.012794129550457
3808 -1.9813506341570495 3.0040298889790074 0.023308255115238784 -0.02023905904376331 0.018478024750947952 -0.01279413141310215 0.018478017300367355 -0.012794129550457
3810 -1.9793034317301954 3.0041317327314823 0.02993079703197273 -0.01935193037345931 0.02642909437417984 -0.013515926897525787 0.026429081335663795 -0.013515923172235489
3813 -1.9762401562284069 3.0042839574726417 0.03307405106913063 -0.019689459562933845 0.02642909437417984 -0.013515926897525787 0.026429081335663795 -0.013515923172235489
3816 -1.9731692967288077 3.004435834699912 0.04012910398734251 -0.01898219597741052 0.03739245608448982 -0.013935630209743977 0.03739244118332863 -0.013935626484453678
3820 -1.969082411025705 3.0046364582301637 0.04351065772772336 -0.019296585835289093 0.03739245608448982 -0.013935630209743977 0.03739244118332863 -0.013935626484453678
3822 -1.967024707567188 3.004737139825751 0.05079539197251855 -0.018964298909422903 0.048132188618183136 -0.015264024026691914 0.048132169991731644 -0.015264020301401615
3826 -1.9629465287514039 3.004936023212846 0.05501455397713202 -0.01931943047740051 0.048132188618183136 -0.015264024026691914 0.048132169991731644 -0.015264020301401615
3828 -1.9608969352982726 3.005035628327328 0.06227129738452555 -0.01916390624176228 0.059089504182338715 -0.016172319650650024 0.059089481830596924 -0.016172315925359726
3832 -1.9568408267208497 3.005232125449943 0.0658496823769526 -0.01944448733945134 0.059089504182338715 -0.016172319650650024 0.059089481830596924 -0.016172315925359726
3835 -1.9538033633016065 3.005378068278938 0.072710685262727 -0.019314456830025514 0.06778185814619064 -0.01643652282655239 0.06778182834386826 -0.016436519101262093
3838 -1.9508300135742385 3.0055230924216594 0.07631751293263624 -0.019588297312925735 0.06778185814619064 -0.01643652282655239 0.06778182834386826 -0.016436519101262093
3841 -1.9478778649424204 3.005662238718648 0.08011513302690317 -0.01925619942431032 0.05980684608221054 -0.01521674171090126 0.05980682000517845 -0.015216737054288387
3844 -1.9450514350274115 3.0058004292707117 0.08352484328089223 -0.019522694600475596 0.05980684608221054 -0.01521674171090126 0.05980682000517845 -0.015216737054288387
3847 -1.9423355107639466 3.0059326331004095 0.08677009541692994 -0.019389092774431082 0.06919199228286743 -0.01644195057451725 0.06919196993112564 -0.016441944986581802
3850 -1.9395884261483518 3.0060749238571933 0.0901525846516035 -0.01963628667894064 0.06919199228286743 -0.01644195057451725 0.06919196993112564 -0.016441944986581802
3853 -1.9367043745245653 3.00622819112058 0.09406772659006837 -0.019220103163979207 0.07899700105190277 -0.015333782881498337 0.07899697124958038 -0.015333778224885464
3856 -1.9337913539314127 3.006383557499053 0.09754740107698874 -0.01942290964993302 0.07899700105190277 -0.015333782881498337 0.07899697124958038 -0.015333778224885464
3859 -1.930883061987933 3.0065392083022298 0.0999026466214126 -0.01783213139966042 0.07474544644355774 -0.009032653644680977 0.07474541664123535 -0.00903264805674553
3862 -1.9279760349845978 3.0066953503268166 0.10331564456329573 -0.017974267598978366 0.07474544644355774 -0.009032653644680977 0.07474541664123535 -0.00903264805674553
3865 -1.925067458500174 3.0068524776383603 0.10631597372085262 -0.017655977173033872 0.08731593936681747 -0.014967266470193863 0.08731590211391449 -0.01496726181358099
3868 -1.9220126138319271 3.0070190217214052 0.10988385829347039 -0.017763080580487037 0.08731593936681747 -0.014967266470193863 0.08731590211391449 -0.01496726181358099
3871 -1.9184477370845385 3.007214839764473 0.11459065317125233 -0.018455320005148032 0.09523172676563263 -0.0205384474247694 0.09523168206214905 -0.020538441836833954
3874 -1.914517111166352 3.0074323566603685 0.11904369776640608 -0.018497000311390597 0.09523172676563263 -0.0205384474247694 0.09523168206214905 -0.020538441836833954
3877 -1.910573869346244 3.0076520567646683 0.1229421319570494 -0.01988554857906963 0.0999680832028389 -0.025146882981061935 0.09996803849935532 -0.02514687553048134
3879 -1.9079250010002569 3.0078003319281157 0.12730450516318514 -0.019966605918992745 0.0999680832028389 -0.025146882981061935 0.09996803849935532 -0.02514687553048134
3883 -1.9026506130655194 3.008097023874802 0.13254491638816956 -0.02082453862080937 0.11506687104701996 -0.02369997650384903 0.11506681889295578 -0.023699969053268433
3885 -1.8999854709264035 3.008247587946578 0.13793767627754697 -0.02095035877936076 0.11506687104701996 -0.02369997650384903 0.11506681889295578 -0.023699969053268433
3889 -1.8946787995408298 3.0085484593118887 0.14349633868527079 -0.022069125628600157 0.1259526014328003 -0.02583695575594902 0.1259525567293167 -0.025836950168013573
3891 -1.8919972979698592 3.008700948234389 0.1480219181747969 -0.02220411571086388 0.1259526014328003 -0.02583695575594902 0.1259525567293167 -0.025836950168013573
3895 -1.886657688034629 3.0090052768341584 0.15082212104809356 -0.027135414578939365 0.12098266929388046 -0.04677274823188782 0.12098262459039688 -0.04677274078130722
3897 -1.883959218586049 3.0091593193593753 0.1553101156501053 -0.027432401988497303 0.12098266929388046 -0.04677274823188782 0.12098262459039688 -0.04677274078130722
3901 -1.878584892363962 3.0094663308249627 0.16156751236648292 -0.028397054857087944 0.14307191967964172 -0.02949202060699463 0.14307187497615814 -0.02949201688170433
3903 -1.8758688361875273 3.00962147405459 0.1661148481411846 -0.028712519394638657 0.14307191967964172 -0.02949202060699463 0.14307187497615814 -0.02949201688170433
3907 -1.870462259945548 3.0099295906787917 0.17222433005978216 -0.029523405159330815 0.1568296104669571 -0.03008185885846615 0.1568295657634735 -0.03008185513317585
3909 -1.8677351830502762 3.0100840304281844 0.1777064605192831 -0.02991961342318888 0.1568296104669571 -0.03008185885846615 0.1568295657634735 -0.03008185513317585
3913 -1.8623251155840272 3.010389657798679 0.1805723746645377 -0.031928295912363985 0.15006795525550842 -0.03727106750011444 0.15006791055202484 -0.03727106377482414
3916 -1.8582659944130833 3.010618189016587 0.18516384396036734 -0.032326898800849435 0.15006795525550842 -0.03727106750011444 0.15006791055202484 -0.03727106377482414
3919 -1.8542188157541275 3.0108454449114754 0.19062474662913198 -0.03330903813369058 0.17171896994113922 -0.03379125893115997 0.17171891033649445 -0.033791255205869675
3922 -1.8501887336116865 3.011071037145024 0.1952171307733805 -0.033732612222630756 0.17171896994113922 -0.03379125893115997 0.17171891033649445 -0.033791255205869675
3925 -1.8462469858749178 3.0112915132585587 0.201661823978635 -0.035121908087568106 0.18748623132705688 -0.03707726672291756 0.18748615682125092 -0.03707726299762726
3928 -1.8423522164752189 3.0115069274565167 0.20632004024713949 -0.03561174646431184 0.18748623132705688 -0.03707726672291756 0.18748615682125092 -0.03707726299762726
3931 -1.8387178250995253 3.011717284436786 0.21239639044558728 -0.035750115312570024 0.19389143586158752 -0.031546637415885925 0.19389134645462036 -0.03154663369059563
3934 -1.835043691971889 3.011940786356135 0.21687756973565414 -0.036214363699998135 0.19389143586158752 -0.031546637415885925 0.19389134645462036 -0.03154663369059563
3937 -1.8311481958865952 3.0121828639790893 0.22332918929473997 -0.03498875293016175 0.20907746255397797 -0.025876298546791077 0.2090773731470108 -0.02587629295885563
3940 -1.8272431308392272 3.012426344108856 0.2280683315405926 -0.03536613047095118 0.20907746255397797 -0.025876298546791077 0.2090773731470108 -0.02587629295885563
3942 -1.8246270951004657 3.012590061344517 0.23452704068123595 -0.03383190924530512 0.22017231583595276 -0.02407274767756462 0.2201722264289856 -0.024072742089629173
3946 -1.819428733169092 3.012916962919856 0.23919468922346696 -0.03412895325595193 0.22017231583595276 -0.02407274767756462 0.2201722264289856 -0.024072742089629173
3948 -1.816804860602619 3.0130832111831403 0.2467667284390197 -0.0333551680856828 0.23099753260612488 -0.02718128263950348 0.23099742829799652 -0.02718127891421318
3952 -1.8115820069498263 3.013416110164317 0.25147245578053545 -0.03360425862552692 0.23099753260612488 -0.02718128263950348 0.23099742829799652 -0.02718127891421318
3955 -1.807640503267366 3.0136690453858717 0.25799732978548806 -0.032837443127434834 0.24187502264976501 -0.02737295627593994 0.24187491834163666 -0.027372950688004494
3958 -1.8036866810912175 3.0139240110575494 0.2630407347743796 -0.03305713632387223 0.24187502264976501 -0.02737295627593994 0.24187491834163666 -0.027372950688004494
