0 0.0 0.0 0.0 0.0 0.0 0.0
0 0.0 0.0 0.0 0.0 0.0 0.0
0 0.0 0.0 0.0 0.0 0.0 0.0
0 0.0 0.0 0.0 0.0 0.0 0.0
0 0.0 0.0 0.0 0.0 0.0 0.0
0 0.0 0.0 0.0 0.0 0.0 0.0
0 0.0 0.0 0.0 0.0 0.0 0.0
0 0.0 0.0 0.0 0.0 0.0 0.0
0 0.0 0.0 0.0 0.0 0.0 0.0
0 0.0 0.0 0.0 0.0 0.0 0.0
0 0.0 0.0 0.0 0.0 0.0 0.0
0 0.0 0.0 0.0 0.0 0.0 0.0
0 0.0 0.0 0.0 0.0 0.0 0.0
0 0.0 0.0 0.0 0.0 0.0 0.0
0 0.0 0.0 0.0 0.0 0.0 0.0
0 0.0 0.0 0.0 0.0 0.0 0.0
0 0.0 0.0 0.0 0.0 0.0 0.0
0 0.0 0.0 0.0 0.0 0.0 0.0
0 0.0 0.0 0.0 0.0 0.0 0.0
0 0.0 0.0 0.0 0.0 0.0 0.0
0 0.0 0.0 0.0 0.0 0.0 0.0
0 0.0 0.0 0.0 0.0 0.0 0.0
0 0.0 0.0 0.0 0.0 0.0 0.0
0 0.0 0.0 0.0 0.0 0.0 0.0
0 0.0 0.0 0.0 0.0 0.0 0.0
0 0.0 0.0 0.0 0.0 0.0 0.0
0 0.0 0.0 0.0 0.0 0.0 0.0
0 0.0 0.0 0.0 0.0 0.0 0.0
0 0.0 0.0 0.0 0.0 0.0 0.0
0 0.0 0.0 0.0 0.0 0.0 0.0
0 0.0 0.0 0.0 0.0 0.0 0.0
0 0.0 0.0 0.0 0.0 0.0 0.0
0 0.0 0.0 0.0 0.0 0.0 0.0
0 0.0 0.0 0.0 0.0 0.0 0.0
0 0.0 0.0 0.0 0.0 0.0 0.0
0 0.0 0.0 0.0 0.0 0.0 0.0
0 0.0 0.0 0.0 0.0 0.0 0.0
0 0.0 0.0 0.0 0.0 0.0 0.0
0 0.0 0.0 0.0 0.0 0.0 0.0
0 0.0 0.0 0.0 0.0 0.0 0.0
0 0.0 0.0 0.0 0.0 0.0 0.0
0 0.0 0.0 0.0 0.0 0.0 0.0
0 0.0 0.0 0.0 0.0 0.0 0.0
0 0.0 0.0 0.0 0.0 0.0 0.0
0 0.0 0.0 0.0 0.0 0.0 0.0
0 0.0 0.0 0.0 0.0 0.0 0.0
3711 -2.000578389090771 3.0030148683373956 0.0 0.0 0.0 0.0
3714 -2.000578942178676 3.0030174821599838 -2.000578961811221 3.0030180899668752 0.0 0.0
3717 -2.000579495447879 3.0030200963007663 -2.0005796401228273 3.0030206333033207 0.0 0.0
3720 -2.0005800488983327 3.003022710759293 -2.0005801549152613 3.00302324126211 0.0 0.0
3722 -2.000580414274947 3.0030244364759993 -2.0005807044974304 3.0030258900108064 0.0 0.0
3726 -2.0005811563426072 3.0030279406268123 -2.000581283736165 3.0030284803426377 0.0 0.0
3728 -2.000581521958185 3.003029666760857 -2.000581817651862 3.0030311049030876 0.0 0.0
3732 -2.0005822645115625 3.003033171761137 -2.000582369005425 3.0030337251940353 0.0 0.0
3734 -2.0005826303665097 3.003034898313965 -2.0005829333022795 3.003036350051083 0.0 0.0
3738 -2.000583373406028 3.0030384041646347 -2.0005834942422447 3.0030389714391275 0.0 0.0
3740 -2.000583739500488 3.0030401311363737 -2.000584052845789 3.0030416226772982 0.0 0.0
3744 -2.0005844830264388 3.0030436378376857 -2.0005846107857814 3.0030442461116276 0.0 0.0
3746 -2.000584849360557 3.0030453652284614 -2.0005851479016097 3.003046869667775 0.0 0.0
3750 -2.000585593373344 3.003048872781713 -2.0005857003066287 3.003049465582723 0.0 0.0
3752 -2.000585959947276 3.003050600592372 -2.0005862629503657 3.0030520907953515 0.0 0.0
3755 -2.0005865155130964 3.003053218751079 -2.0005868058653538 3.0030547146061854 0.0 0.0
3758 -2.0005870712606173 3.0030558372276213 -2.000587366982521 3.003057322571683 0.0 0.0
3762 -2.000587816247257 3.0030593464845734 -2.0005879210832114 3.0030599336340464 0.0 0.0
3764 -2.0005881833012333 3.0030610751356845 -2.00058847395609 3.0030625462533282 0.0 0.0
3768 -2.000588928776216 3.0030645852496693 -2.0005890353000795 3.003065160952025 0.0 0.0
3770 -2.0005892960706024 3.003066314322019 -2.000589596498676 3.0030677770792096 0.0 0.0
3773 -2.0005898527284054 3.0030689343931583 -2.0005901444176817 3.003070394382287 0.0 0.0
3777 -2.0004360985203498 3.0030777649443587 -2.0003407987040758 3.0031061551539846 0.0 0.0
3780 -1.9997850151940857 3.003111036029866 -1.9996049584616717 3.00320694600637 0.0 0.0
3783 -1.9987879925697767 3.00316092401181 -1.9986108207508464 3.003332913299482 0.0 0.0
3786 -1.9977878747196278 3.0032111791550786 -1.997612908103408 3.0034479241972294 0.0 0.0
3789 -1.996628164207213 3.0032694172056424 -1.9965132972951867 3.0035673792235476 0.0 0.0
3791 -1.9956340169021018 3.0033189947116 -1.994835448407951 3.0037746396809575 0.0 0.0
3795 -1.9929521158865078 3.003452370676816 -1.9927647840011398 3.0039812843866405 0.0 0.0
3797 -1.9916203573253284 3.0035187504566356 -1.990790983195074 3.004202780448938 0.0 0.0
3800 -1.9892810626997959 3.0036352856794477 -1.9883648875356468 3.004448074473201 0.0 0.0
3803 -1.9864341623843749 3.003776945814275 -1.984889017488505 3.0048181304837938 0.0 0.0
3807 -1.9823573852077578 3.0039797918183684 -1.9819394318631494 3.0050870971058123 0.0 0.0
3809 -1.980342838697111 3.0040800309882263 -1.9790397322679214 3.005324613919839 0.0 0.0
3813 -1.9762401562284069 3.0042839574726417 -1.9760345217239215 3.005513793643266 0.0 0.0
3816 -1.9731692967288077 3.004435834699912 -1.972942524375111 3.005816011865958 0.0 0.0
3819 -1.9700963305812238 3.0045867653035474 -1.9698996795191104 3.0060075199601903 0.0 0.0
3822 -1.967024707567188 3.004737139825751 -1.9667764924471323 3.0063005823833677 0.0 0.0
3825 -1.9639573504333838 3.0048868133960553 -1.963616565562048 3.0064795477365496 0.0 0.0
3828 -1.9608969352982726 3.005035628327328 -1.9606503018378176 3.006668888773003 0.0 0.0
3830 -1.9588819100808799 3.005133360000249 -1.9576664176980347 3.006900515801131 0.0 0.0
3834 -1.9548040839547225 3.005329936746886 -1.954649295744903 3.00699312116011 0.0 0.0
3836 -1.9528071431280754 3.005426826526792 -1.9515605340944298 3.0071973312870908 0.0 0.0
3840 -1.9488563692341923 3.005615855572849 -1.9486376009302795 3.0072276513390883 0.0 0.0
3842 -1.946911820184549 3.0057071131488646 -1.9457508773283672 3.0073662496344395 0.0 0.0
3846 -1.9432470672623103 3.0058897460150615 -1.9431470879226056 3.007333772370357 0.0 0.0
3848 -1.9414301247082097 3.005978714691602 -1.940450575314516 3.0074302555563324 0.0 0.0
3852 -1.9376653029638264 3.0061771202559453 -1.9375702929796537 3.007428260704714 0.0 0.0
3854 -1.9357424483113648 3.0062794520989473 -1.9342489099281421 3.007579577781931 0.0 0.0
3858 -1.9318424593688375 3.00648779891878 -1.9313281103704574 3.0075834668498382 0.0 0.0
3860 -1.9299238065596291 3.006590613978206 -1.9285053738381113 3.007685363044334 0.0 0.0
3864 -1.9260276043077662 3.0068005271621976 -1.9256146349730539 3.007698641757159 0.0 0.0
3866 -1.924106703534457 3.006904575022241 -1.9226860293174861 3.007810412784215 0.0 0.0
3870 -1.9197220034399463 3.0071446138149174 -1.919135291243412 3.0079375418092584 0.0 0.0
3872 -1.9171520291084632 3.0072863122504336 -1.9152505182495265 3.0082024862306005 0.0 0.0
3876 -1.9118765107352718 3.0075793368951995 -1.9113435321225876 3.008385314358857 0.0 0.0
3878 -1.9092698890528415 3.0077249838716007 -1.9074333684487383 3.0086392083135056 0.0 0.0
3882 -1.9039612964265051 3.0080231295053554 -1.9035453399343367 3.008847964832388 0.0 0.0
3884 -1.9013386109029637 3.0081710941129507 -1.8997642826634047 3.009044120362947 0.0 0.0
3888 -1.895997506843416 3.008473572473154 -1.8952501352268363 3.009259720507039 0.0 0.0
3890 -1.893358753437565 3.008623492777042 -1.8913685879753743 3.009493962552183 0.0 0.0
3894 -1.8879846447653867 3.008929577934979 -1.887550816059339 3.009685272959729 0.0 0.0
3896 -1.8853293239388609 3.009081091586893 -1.8836005550427155 3.0098853865281368 0.0 0.0
3899 -1.8812952263686196 3.00931148463383 -1.8795566290953287 3.0100912500783896 0.0 0.0
3902 -1.877247832136925 3.0095427131090324 -1.8756616630447078 3.010285010646338 0.0 0.0
3906 -1.8718051191351066 3.0098532375606903 -1.8709803121103827 3.010505396784429 0.0 0.0
3908 -1.869119104257168 3.010005714085975 -1.867071538959252 3.0107246327558665 0.0 0.0
3912 -1.8636666010224932 3.010313981110579 -1.863159363237335 3.0108956966691456 0.0 0.0
3915 -1.859604350184484 3.010542914512153 -1.8590955977315542 3.0111110494334326 0.0 0.0
3917 -1.8569289442934984 3.0106933302382113 -1.8547629026759687 3.011365768343253 0.0 0.0
3921 -1.8515151804496741 3.01099616331713 -1.8507248311834992 3.0115605193505135 0.0 0.0
3923 -1.8488749226358603 3.0111450681638114 -1.8468919407077926 3.0117710857850164 0.0 0.0
3927 -1.8436065129531392 3.011436583237214 -1.8428452404437945 3.0119513928659636 0.0 0.0
3929 -1.8411554598864672 3.0115789039075684 -1.8392292700555202 3.012119500217345 0.0 0.0
3933 -1.83627523776468 3.011864826464757 -1.835716435165359 3.0122608936097963 0.0 0.0
3935 -1.8337687167310488 3.012019825087547 -1.8316974690129506 3.0124961027325323 0.0 0.0
3939 -1.8285314683100269 3.0123459383217877 -1.827752086574184 3.0127035716760733 0.0 0.0
3941 -1.8259547329584958 3.0125069137932017 -1.823888164836444 3.0129307970099726 0.0 0.0
3944 -1.822048872911945 3.012751875080362 -1.8200184226590435 3.013146083216678 0.0 0.0
3947 -1.8181369178793017 3.012998716912982 -1.816336470292012 3.0133517502233786 0.0 0.0
3951 -1.812879947050574 3.0133331189881005 -1.8126075711119185 3.0135734771846177 0.0 0.0
3954 -1.808942573408677 3.013585343584004 -1.8083099571842671 3.0138066194795434 0.0 0.0
3956 -1.806337093179857 3.013752967972506 -1.8044378856299257 3.0140432650194615 0.0 0.0
3960 -1.8010308130623183 3.0140958930216613 -1.8005504085690083 3.0142684634276597 0.0 0.0
3962 -1.7984092680479926 3.0142659877648246 -1.79673424648086 3.0145063314194127 0.0 0.0
3966 -1.7930704837987748 3.0146135433470196 -1.7928253032343995 3.0147463559430743 0.0 0.0
3968 -1.7904328737478563 3.014785737539313 -1.7887444686936322 3.0150006769967956 0.0 0.0
3971 -1.7864262098275903 3.0150477955060193 -1.784771090051487 3.0152505401615817 0.0 0.0
3974 -1.7824068934862274 3.0153111249328806 -1.7809060035891013 3.0154955234906193 0.0 0.0
3978 -1.777000429732582 3.015665726023817 -1.7761785135744395 3.015796627865782 0.0 0.0
3980 -1.7743288493753167 3.0158409867558205 -1.7721664598981837 3.0160590816826334 0.0 0.0
3984 -1.7688886816756229 3.0161974331735384 -1.7681012819461859 3.016322112512488 0.0 0.0
3986 -1.7662041551034307 3.016372540169944 -1.764153634655791 3.0165761669915505 0.0 0.0
3990 -1.7607549629205574 3.0167267611170203 -1.760003949030611 3.0168392519388125 0.0 0.0
3992 -1.758074611124512 3.016900578610928 -1.7558639111468206 3.017105976228896 0.0 0.0
3996 -1.7526466991537466 3.0172516891750445 -1.7518148407828036 3.0173588805645895 0.0 0.0
3999 -1.7486122914140096 3.017511144737158 -1.7478229128431253 3.017608168295547 0.0 0.0
4002 -1.744654202664284 3.017767677736891 -1.7438785958997398 3.0178447238616624 0.0 0.0
4005 -1.7407153018251398 3.0180170561644757 -1.7401061474566384 3.01806662385669 0.0 0.0
4008 -1.7370560935781743 3.01825880498747 -1.7366162623119534 3.018246717179313 0.0 0.0
4011 -1.7334503411183888 3.018504068547112 -1.7330775599749169 3.018441301398605 0.0 0.0
4014 -1.7296416828519412 3.0187755751334695 -1.7293695087286303 3.018688786795647 0.0 0.0
4017 -1.725737496224577 3.01905536229682 -1.7255471853475244 3.018964610223157 0.0 0.0
4020 -1.7218352217041053 3.0193360444204136 -1.7217260332794528 3.019240786958848 0.0 0.0
4023 -1.717929875090542 3.019618030887915 -1.7175898983354594 3.0195334442077586 0.0 0.0
4025 -1.7153484106755519 3.0198054438945032 -1.7137971167963861 3.0198097740483623 0.0 0.0
4029 -1.710094107110159 3.020189073591727 -1.7099545980352155 3.0200970339140194 0.0 0.0
4031 -1.707498157570817 3.0203796229790782 -1.7053529640951737 3.020435741713491 0.0 0.0
4035 -1.7022109480651078 3.0207694857907854 -1.701444913773424 3.0207323097688175 0.0 0.0
4037 -1.6995987411828957 3.020962875650424 -1.6975245829943229 3.021032930769002 0.0 0.0
4041 -1.6942789488633125 3.0213580674917937 -1.6935510441069417 3.0213432213402656 0.0 0.0
4043 -1.6916507604361302 3.021553889968333 -1.6898065381380798 3.021632178203619 0.0 0.0
4047 -1.6862983704891816 3.02195365499716 -1.6860096287559392 3.021929481533175 0.0 0.0
4050 -1.682289521876287 3.022253738414319 -1.681477520483558 3.02228604361741 0.0 0.0
4053 -1.678267886581326 3.0225551671266144 -1.6775340342881597 3.0225958808633373 0.0 0.0
4056 -1.6742330280141118 3.0228577949819933 -1.6736179201488643 3.0229036861826404 0.0 0.0
4058 -1.6715628801645412 3.0230580823548214 -1.6697721580955578 3.0232061110978536 0.0 0.0
4062 -1.6661258470043172 3.0234654505749776 -1.6659127603243886 3.023507345586718 0.0 0.0
4064 -1.6634431134821406 3.023665642448777 -1.6612391487722469 3.0238722409022047 0.0 0.0
4068 -1.6579978906867852 3.0240708004275714 -1.6572956797690828 3.0241725451412784 0.0 0.0
4070 -1.6553196280126221 3.024269651517721 -1.6534428512946548 3.0244669660029326 0.0 0.0
4074 -1.6498961731084454 3.024671422286993 -1.6493162982997407 3.0247763823382074 0.0 0.0
4076 -1.6472338714022863 3.0248676628852076 -1.6452471252010163 3.0250766911063725 0.0 0.0
4080 -1.6419203144787862 3.025260857876134 -1.6411488470564186 3.025362775260977 0.0 0.0
4083 -1.6379821435788446 3.0255468132617733 -1.637192627354679 3.025635268962931 0.0 0.0
4085 -1.6355574748072834 3.0257292432100322 -1.6335948864266683 3.0258472409332713 0.0 0.0
4089 -1.6307853681454696 3.0260981592671423 -1.6307069819197657 3.026030203457218 0.0 0.0
4091 -1.6283141856806709 3.026298735311657 -1.6266760111188672 3.02634710883343 0.0 0.0
4095 -1.6230828406474718 3.0267263435053877 -1.6225847542290843 3.0266916095950416 0.0 0.0
4097 -1.6205094243306164 3.02693728058763 -1.618806577300458 3.027004044173306 0.0 0.0
4101 -1.6152809078649166 3.0273672750582854 -1.614789481132176 3.0273440292177174 0.0 0.0
4103 -1.6127012635896085 3.027580609137324 -1.6108436490449283 3.0276751449660213 0.0 0.0
4107 -1.607450562886179 3.0280169604565708 -1.6071201763309333 3.0279957483231197 0.0 0.0
4109 -1.6048563804100668 3.0282335599640615 -1.6033088463723912 3.028321197674508 0.0 0.0
4113 -1.5995728293667955 3.028676475649619 -1.5994839828100889 3.0286527673886225 0.0 0.0
4115 -1.5969624520119445 3.0288960763862813 -1.5955313953753933 3.0289945603841466 0.0 0.0
4119 -1.5916464165217812 3.0293446483880277 -1.5915642730317194 3.0293409982902153 0.0 0.0
4121 -1.5890200946901398 3.0295668440887207 -1.5869903439562443 3.0297416436343645 0.0 0.0
4125 -1.5836715157503551 3.0300203229227423 -1.583355731080123 3.030061267946957 0.0 0.0
4127 -1.5810289719501702 3.0302447606400817 -1.5793129766217904 3.030418853924644 0.0 0.0
4131 -1.575646734387951 3.030702437469057 -1.575373738299022 3.030765944483606 0.0 0.0
4133 -1.5729871145604826 3.030928764697578 -1.571182975607502 3.0311389334778576 0.0 0.0
4137 -1.5675699035626631 3.0313897960515734 -1.5669738420875619 3.03150912194593 0.0 0.0
4139 -1.5648938646325075 3.031617359461859 -1.5631212976293232 3.031851314321178 0.0 0.0
4143 -1.559452264528935 3.032078379661081 -1.5589756703424122 3.032209729357555 0.0 0.0
4145 -1.556772513189939 3.03230484476524 -1.5550793751688867 3.0325498824535337 0.0 0.0
4149 -1.5513402969383678 3.0327629661556506 -1.5512250427997993 3.0328734327412863 0.0 0.0
4151 -1.5486715300172487 3.0329875723334334 -1.5464981079342381 3.0332784195373907 0.0 0.0
4154 -1.5446395294363673 3.033325739009368 -1.5426753820358226 3.033594023241362 0.0 0.0
4157 -1.5406650478708142 3.033660381960985 -1.5389404390635244 3.033886549795257 0.0 0.0
4160 -1.536728754281519 3.0339870407540577 -1.5350113960750769 3.034191484078469 0.0 0.0
4163 -1.5329939980331382 3.0343004468468986 -1.5315278941715251 3.0344176065671356 0.0 0.0
4167 -1.5282792547324713 3.0347155255889113 -1.5280625591802985 3.0346556653941357 0.0 0.0
4169 -1.5258183004061534 3.0349417956066502 -1.5243432482812305 3.0349864751711633 0.0 0.0
4173 -1.5205923850080438 3.0354256413893745 -1.5197893811617287 3.0354182694475824 0.0 0.0
4175 -1.5180212141977223 3.0356643085612993 -1.5161316074695517 3.035760928521924 0.0 0.0
4179 -1.5127971582736606 3.0361506514822842 -1.5124303103321166 3.0361129730218845 0.0 0.0
4182 -1.508890325048435 3.036516492521777 -1.5086436599184494 3.0364757543560463 0.0 0.0
4185 -1.5049732794492827 3.0368848036974927 -1.5041795521300918 3.0369079310575318 0.0 0.0
4188 -1.5010437901013405 3.037255819903216 -1.500290048851933 3.0372860421613863 0.0 0.0
4190 -1.4984435750478484 3.0375020506642234 -1.4963900195514424 3.0376658986576186 0.0 0.0
4194 -1.4931481052436517 3.038005064565848 -1.4925535011817586 3.038044403401637 0.0 0.0
4196 -1.4905319343712666 3.0382542518724773 -1.4888279990600177 3.038411483259866 0.0 0.0
4200 -1.4852041395861961 3.0387628847571997 -1.4848887947570584 3.038801248537085 0.0 0.0
4202 -1.48257197171344 3.039014661739174 -1.4810610911802078 3.039181436740315 0.0 0.0
4206 -1.4772112653675966 3.03952820270921 -1.4770595519588658 3.0395792776458785 0.0 0.0
4209 -1.473195831350255 3.0399133503041247 -1.4724008945521827 3.040042460122562 0.0 0.0
4212 -1.46916718435799 3.0402999748977635 -1.468412500724423 3.0404409936663956 0.0 0.0
4215 -1.4651258679785415 3.040687817340263 -1.4643717683268762 3.0408455397566856 0.0 0.0
4217 -1.4624522216686588 3.0409442134572617 -1.4604033066940696 3.0412456993087806 0.0 0.0
4221 -1.4570160238972232 3.0414637956867208 -1.4563054526148442 3.041649222230361 0.0 0.0
4223 -1.4543390834219498 3.0417190898762767 -1.4528611003527196 3.0419908125538058 0.0 0.0
4226 -1.4502881021068583 3.042104823656065 -1.4482082487252248 3.0424461159995437 0.0 0.0
4229 -1.4462471520009315 3.042488876814236 -1.4442534083570744 3.0428253382289805 0.0 0.0
4233 -1.4408575372925951 3.042999741032755 -1.44035808006152 3.043192125378933 0.0 0.0
4235 -1.4382619858216759 3.0432462624931373 -1.4366308958797191 3.0435231451019837 0.0 0.0
4239 -1.433006338774887 3.043737923976499 -1.4328581355077443 3.0438553168443585 0.0 0.0
4241 -1.4306069498202132 3.043966169512187 -1.428759092924153 3.0441501537480047 0.0 0.0
4245 -1.4259600551262739 3.044428613013165 -1.4253216643985587 3.04441331173843 0.0 0.0
4248 -1.422192411817351 3.04482027983694 -1.421394753608147 3.0448125331111395 0.0 0.0
4251 -1.4183000221089312 3.0452267255925625 -1.417624747225406 3.0452186469739413 0.0 0.0
4254 -1.414408320428045 3.0456342123748796 -1.4138157150195663 3.0456254662708613 0.0 0.0
4256 -1.4118383287795389 3.045903886134155 -1.410081647840739 3.0460228454308553 0.0 0.0
4260 -1.4066106930066975 3.046454802339056 -1.4062976394468467 3.0464346056230984 0.0 0.0
4262 -1.4040295726513707 3.0467278772521262 -1.4024679376945806 3.0468485220950017 0.0 0.0
4266 -1.3987725969046447 3.0472861873823107 -1.3979548743002705 3.047343744102174 0.0 0.0
4268 -1.3961752025479255 3.0475629251064578 -1.3941778435939634 3.0477586357186697 0.0 0.0
4272 -1.3908855148994848 3.0481280673099618 -1.390423896784168 3.048174329561227 0.0 0.0
4274 -1.388272214956735 3.0484079485008606 -1.3865847580579755 3.0486001242405885 0.0 0.0
4277 -1.3843026820018807 3.048833818194529 -1.3826122284445104 3.0490420187262006 0.0 0.0
4281 -1.3789644608422564 3.049407693756705 -1.3783483484650554 3.049517631376459 0.0 0.0
4284 -1.3749662239367566 3.049838189674367 -1.374386649757295 3.0499572035181766 0.0 0.0
4287 -1.3709552037290054 3.0502704545639747 -1.3705783584289049 3.050384797734999 0.0 0.0
4290 -1.3669309836296009 3.0507043522284905 -1.3665508127446298 3.050830697282169 0.0 0.0
4293 -1.3628942147400926 3.051139602864512 -1.3624763177919716 3.051289693079483 0.0 0.0
4296 -1.3588463969664475 3.0515755581171957 -1.3584652614607895 3.051730630013232 0.0 0.0
4299 -1.354794216063459 3.0520105786626557 -1.3542942792154948 3.052196987552025 0.0 0.0
4302 -1.350744364256045 3.0524446453821574 -1.350321450100277 3.0526247352685285 0.0 0.0
4305 -1.3467017899045988 3.0528771832249024 -1.3464821816334571 3.0530455037873874 0.0 0.0
4308 -1.3426707700806775 3.053307762447891 -1.3426127449276892 3.0534659018988988 0.0 0.0
4311 -1.338660207305262 3.0537353475011857 -1.3378828635392455 3.0539589514005265 0.0 0.0
4314 -1.334748417781471 3.054151562392799 -1.33404302984357 3.0543464455446263 0.0 0.0
4317 -1.3308279087029364 3.0545631580964745 -1.3302624233487674 3.0547220519159923 0.0 0.0
4320 -1.3272866127477676 3.0549454114510515 -1.3268204912743482 3.054995630513319 0.0 0.0
4323 -1.323858215694724 3.0553302989132 -1.323397155217061 3.0552800159999456 0.0 0.0
4326 -1.3201167291738691 3.0557669789756154 -1.3194689065792022 3.055727081396534 0.0 0.0
4329 -1.3162300932540125 3.0562225586178426 -1.3154757776215793 3.0562062054811987 0.0 0.0
4332 -1.3123435697015067 3.0566792678491583 -1.311946608217623 3.056631894815694 0.0 0.0
4335 -1.3084536446084134 3.057137468870567 -1.308104357639352 3.057092710060172 0.0 0.0
4337 -1.3058822872656617 3.057441476188716 -1.3044081938564727 3.057543367807317 0.0 0.0
4341 -1.3006482619164752 3.058062367981119 -1.2999580604006487 3.058090614186533 0.0 0.0
4343 -1.298062294045898 3.058370152323276 -1.2961614771043513 3.058557518633993 0.0 0.0
4347 -1.292795595656962 3.0589987719046343 -1.2923502910434341 3.0590308703560773 0.0 0.0
4349 -1.290193590559299 3.0593101179105866 -1.288566346200075 3.059502333935853 0.0 0.0
4353 -1.2848946751773938 3.059945526010136 -1.284691600836605 3.059986086384793 0.0 0.0
4355 -1.2822768366535178 3.0602600249561074 -1.2806857354885148 3.0604870211183965 0.0 0.0
4359 -1.2769455623535653 3.060901482217392 -1.276746292062379 3.060979974207069 0.0 0.0
4362 -1.2727974546389378 3.061401267477062 -1.2725423495587156 3.0615492354788474 0.0 0.0
4365 -1.2681391033037477 3.061962766866485 -1.2671924760229847 3.0623898199947144 0.0 0.0
4368 -1.263122999179528 3.062567395418941 -1.262275006070277 3.0632125593811934 0.0 0.0
4371 -1.2580921241682785 3.063173591383994 -1.2574172245790103 3.0639450661964713 0.0 0.0
4374 -1.2530531851807585 3.063779255275463 -1.2526057073274584 3.0646623803065265 0.0 0.0
4376 -1.2497285500310473 3.0641783147657193 -1.247854549719831 3.0653867915931796 0.0 0.0
4380 -1.242991355159122 3.0649857461187806 -1.2429315535692889 3.066020445388898 0.0 0.0
4382 -1.2396834488932005 3.06538122120382 -1.237654724749013 3.0667859630553105 0.0 0.0
4386 -1.233068816612101 3.0661721873606935 -1.2328790913733172 3.0673250494160453 0.0 0.0
4388 -1.229817455515211 3.0665564012107573 -1.2278776660828126 3.0679823077633097 0.0 0.0
4392 -1.2236869848813627 3.0672954914563744 -1.223467396608327 3.068366770647461 0.0 0.0
4394 -1.2207415439085707 3.0676654856892513 -1.219144517401448 3.068887598675343 0.0 0.0
4398 -1.214288643575706 3.0684898316102034 -1.2135917059962764 3.0695776134010457 0.0 0.0
4400 -1.2110719104615557 3.068901997274975 -1.2088795969987893 3.070221287195089 0.0 0.0
4404 -1.2045346514033677 3.0697416940043527 -1.2040360186161718 3.0707865594998283 0.0 0.0
4406 -1.2013083768580166 3.070157667512159 -1.1993545797845429 3.071426273739811 0.0 0.0
4410 -1.1947389468788645 3.0710071380886212 -1.1945416066535754 3.0720198040051203 0.0 0.0
4412 -1.1914930600135958 3.0714280261742557 -1.189689396684322 3.0727047253308326 0.0 0.0
4416 -1.1848827183853732 3.0722870958051813 -1.184898738158087 3.073309696642526 0.0 0.0
4418 -1.1816169747533487 3.0727123116587025 -1.1797709389822337 3.074039603647297 0.0 0.0
4422 -1.1749662579351732 3.073579558403252 -1.1749474063390999 3.0746432737354388 0.0 0.0
4424 -1.1716803755555973 3.074008531250144 -1.169288492499623 3.0754465429405835 0.0 0.0
4428 -1.16498760276474 3.0748829044883528 -1.1645248423479735 3.076022056684927 0.0 0.0
4430 -1.161680457092357 3.0753151075750154 -1.1597194598352867 3.0766771959362726 0.0 0.0
4434 -1.154946906108646 3.0761946299282172 -1.1543216133094008 3.0773267251499563 0.0 0.0
4436 -1.1516252654350405 3.076627447841755 -1.1492425743544863 3.078000731917285 0.0 0.0
4440 -1.1448866142936553 3.0775042930104166 -1.144451676737576 3.0785749231365536 0.0 0.0
4442 -1.1415744849495895 3.0779346577555033 -1.1396194582174728 3.079143476325292 0.0 0.0
4446 -1.1348805688390744 3.078803194511945 -1.134859363232227 3.079689246857307 0.0 0.0
4448 -1.1316573470129203 3.0792209419798082 -1.129982017999594 3.080225379961301 0.0 0.0
4452 -1.1251661028251352 3.0800567417907945 -1.1245535395698236 3.080799249958666 0.0 0.0
4454 -1.1222297788288147 3.080442417701712 -1.1201247901827538 3.0811856958069597 0.0 0.0
4458 -1.1160912104719942 3.081278391611901 -1.1155970245458613 3.0816997760959643 0.0 0.0
4460 -1.1128774866143678 3.0817211494754324 -1.110868754959245 3.082298478040026 0.0 0.0
4464 -1.1063537893379558 3.0826215929210474 -1.106187077912724 3.0828967825707063 0.0 0.0
4467 -1.1014780053742392 3.083296656057312 -1.1006227034655556 3.083623969871298 0.0 0.0
4470 -1.0965905471027724 3.0839755731636402 -1.0959172411269043 3.0842343577240854 0.0 0.0
4473 -1.0916878908470167 3.0846585084084315 -1.0910572925178352 3.084884932980423 0.0 0.0
4475 -1.088443779796212 3.085111309097553 -1.0860409243034617 3.0855710014272177 0.0 0.0
4479 -1.0818371388072336 3.0860352889569227 -1.081196716629279 3.0862280264551263 0.0 0.0
4481 -1.0785732359543319 3.0864925397471756 -1.0763979981419651 3.0868949849938443 0.0 0.0
4485 -1.0719262250906567 3.0874249678384444 -1.0716750064819838 3.087547049229966 0.0 0.0
4487 -1.0686421203781706 3.0878861186173667 -1.0660025088766905 3.088347811039593 0.0 0.0
4491 -1.0619527983520474 3.088825978650893 -1.061248786003763 3.0890131424892084 0.0 0.0
4493 -1.0586476078052338 3.0892904620102497 -1.0564406665672184 3.089697401185165 0.0 0.0
4497 -1.0519194497194195 3.0902351488475297 -1.0515619311220077 3.090383674257504 0.0 0.0
4499 -1.0486023205612471 3.090699807709366 -1.04663952910921 3.0910826285071344 0.0 0.0
4503 -1.0418752377753302 3.0916410737985633 -1.040913365816719 3.0918820808762972 0.0 0.0
4505 -1.0385699506576347 3.0921029409592706 -1.0359616588459823 3.092574661827773 0.0 0.0
4509 -1.0319100621995407 3.093032640736857 -1.0312127549270347 3.0932188811454324 0.0 0.0
4511 -1.0286924199012224 3.0934796207148816 -1.0265009205971842 3.0938437958544247 0.0 0.0
4515 -1.0223042414743175 3.0943663222897086 -1.021984686944049 3.0943908907990623 0.0 0.0
4517 -1.0193981115480546 3.09477957295487 -1.017669143623211 3.094866671238141 0.0 0.0
4521 -1.0131747992845908 3.095693002563624 -1.0127980260087277 3.0955397044059882 0.0 0.0
4523 -1.0099664944885904 3.096167158536185 -1.008092178946821 3.0962366076055208 0.0 0.0
4526 -1.0051047542296683 3.0968867805709817 -1.00255845145383 3.097056999223565 0.0 0.0
4530 -0.9985793492247856 3.0978555926211824 -0.9980350804972651 3.0977384225123448 0.0 0.0
4533 -0.9936954253975839 3.0985832099124364 -0.9934044537341763 3.0984344647226445 0.0 0.0
4536 -0.9887961199459349 3.099314997985063 -0.9886092496715702 3.099176987075476 0.0 0.0
4538 -0.9855542945446358 3.0998000836373265 -0.9834575544631248 3.099971351152961 0.0 0.0
4542 -0.9789523819921848 3.100789737907583 -0.9786792394470928 3.100719415642792 0.0 0.0
4544 -0.9756908215526138 3.101279403485632 -0.9730536497653122 3.101590586572925 0.0 0.0
4548 -0.9690485194974127 3.1022777922154203 -0.968935162782865 3.102240167648435 0.0 0.0
4550 -0.9657666703271761 3.102771510441879 -0.9631251441482549 3.1031482800024635 0.0 0.0
4554 -0.9590818769405375 3.1037776397758683 -0.9582852576830704 3.103909111462933 0.0 0.0
4556 -0.9557791878251435 3.1042747752146065 -0.9534806648764473 3.1046635463647614 0.0 0.0
4560 -0.9490580862187351 3.10528520296034 -0.9484155592248737 3.105455552598415 0.0 0.0
4563 -0.9440409354781892 3.1060378540424547 -0.9433997680528577 3.106232865923669 0.0 0.0
4566 -0.9390321450581542 3.1067883472244215 -0.9383910259301039 3.1070008659665276 0.0 0.0
4569 -0.9340392565886725 3.107534938945002 -0.9334962612430546 3.107740877614895 0.0 0.0
4572 -0.929125198584167 3.10826993598256 -0.9287830846162853 3.1084320702452337 0.0 0.0
4575 -0.9242305449061178 3.108995113028388 -0.9240160625746309 3.1091128292109427 0.0 0.0
4577 -0.9211379484864419 3.109456658538879 -0.9187790606127715 3.1097677712106084 0.0 0.0
4581 -0.9152073706568118 3.1103675084368723 -0.9144242617833793 3.11032835549139 0.0 0.0
4583 -0.9120738138664991 3.110860869420709 -0.9096127251244674 3.11108159201853 0.0 0.0
4587 -0.905570404134071 3.1118877308852846 -0.9046712332748654 3.111882579211292 0.0 0.0
4589 -0.902365429931842 3.112394719530136 -0.9005022388086201 3.112550060559631 0.0 0.0
4593 -0.8958463938821374 3.113428850255154 -0.8957400304525425 3.1133275609108924 0.0 0.0
4595 -0.8926272128339142 3.1139408937074426 -0.8899939568088624 3.1142563380734143 0.0 0.0
4599 -0.8860706193927591 3.1149863097436987 -0.8851514019317545 3.1150556965032945 0.0 0.0
4601 -0.8828313121968948 3.115503832031721 -0.8804466445263716 3.1158284262615656 0.0 0.0
4605 -0.8762345710675592 3.116559471673341 -0.8757223706104699 3.116611628458079 0.0 0.0
4607 -0.8729755610240958 3.117081705642598 -0.8708933679829163 3.1174109923453 0.0 0.0
4610 -0.8680250641349401 3.1178756913406933 -0.8659482909895709 3.118233198792536 0.0 0.0
4613 -0.8630589769049909 3.118672805756575 -0.8611364070164877 3.119035362760642 0.0 0.0
4617 -0.8563792703912838 3.119745483852782 -0.856358985367401 3.1198332324841758 0.0 0.0
4619 -0.8530794119643652 3.1202753809871226 -0.8506703947594828 3.1207855602024197 0.0 0.0
4623 -0.8463667132285363 3.121351605072053 -0.8459180321337316 3.1215758218160268 0.0 0.0
4625 -0.8430606787317936 3.121880826890976 -0.841165609678429 3.1223593720174843 0.0 0.0
4629 -0.8363607954733299 3.1229520413786616 -0.8363196900182593 3.1231498916009968 0.0 0.0
4632 -0.8313824808972705 3.1237461644444524 -0.8306982564808405 3.1240557013652226 0.0 0.0
4635 -0.8265077513451533 3.1245236541969974 -0.8259136520886646 3.1247857716438867 0.0 0.0
4637 -0.8232711317315246 3.125034690428857 -0.821137480182395 3.12550622013488 0.0 0.0
4641 -0.8171355846070966 3.1260158005829886 -0.8168473057165995 3.1260497767356137 0.0 0.0
4643 -0.8142097995762625 3.12649803976037 -0.8122523678635915 3.126694908207173 0.0 0.0
4647 -0.8078034965448393 3.1275688369106183 -0.8073691808361094 3.127516390405287 0.0 0.0
4649 -0.8046048275311493 3.1281047597093066 -0.8025288084089329 3.1283345029942895 0.0 0.0
4653 -0.7981050496180748 3.129195805340969 -0.797827809870475 3.12913319717712 0.0 0.0
4655 -0.7948975445272061 3.1297358113708724 -0.7930199139519836 3.1299553241252993 0.0 0.0
4659 -0.7883666852455371 3.130837807989961 -0.7882989411784265 3.1307643071614595 0.0 0.0
4662 -0.7834750963361375 3.131665292200358 -0.78257646052668 3.1317615492778335 0.0 0.0
4665 -0.7785686065117342 3.132496746007481 -0.7776738563724822 3.132614886675635 0.0 0.0
4668 -0.7736472612081833 3.1333319296946196 -0.7727071841024505 3.133482458230665 0.0 0.0
4671 -0.7686794182548944 3.134171324132682 -0.7684814871995087 3.1342273712722992 0.0 0.0
4674 -0.7636446524968983 3.134993998319728 -0.7634530881596202 3.1351017748528993 0.0 0.0
4676 -0.7602979749363916 3.1355138172194343 -0.7576044264565486 3.1360612129051266 0.0 0.0
4680 -0.7534710190361322 3.1365041539007206 -0.7525248644923552 3.1368255755482806 0.0 0.0
4682 -0.7500936952560854 3.136959224985073 -0.7474241649161014 3.1375538725003036 0.0 0.0
4686 -0.743221938603126 3.137813022074462 -0.7424066581480188 3.1381893769958786 0.0 0.0
4688 -0.7398365543062656 3.1381988315424385 -0.7374387636494445 3.1387868092650213 0.0 0.0
4692 -0.7329755400291628 3.138911293257524 -0.7318607886845994 3.1393643057561236 0.0 0.0
4694 -0.729609608366877 3.13922705143005 -0.7267203755952376 3.139856395634872 0.0 0.0
4697 -0.7246146857860802 3.1396516729707304 -0.7219710595813483 3.1402037089036865 0.0 0.0
4700 -0.7200013954908168 3.1400210290865083 -0.7175410876482753 3.140481110308628 0.0 0.0
4704 -0.7135321027054278 3.1404739046065475 -0.7126162608505875 3.1407989809723693 0.0 0.0
4707 -0.7085609341830867 3.1407662137912116 -0.7075897544690338 3.141088697627197 0.0 0.0
4710 -0.7035672641095294 3.14101360886148 -0.7026573448538809 3.141321667974513 0.0 0.0
4713 -0.6985629404786967 3.141213347053375 -0.6976864242278594 3.1415301424706246 0.0 0.0
4716 -0.6935436036471705 3.1413642524473526 -0.6928040754254542 3.1416880797368405 0.0 0.0
4719 -0.688506235136429 3.1414654307234327 -0.6869353576194811 3.141788008561501 0.0 0.0
4721 -0.6851715287443779 3.141504539550937 -0.6819755433587315 3.1418398879956673 0.0 0.0
4725 -0.6783778093177196 3.141515151190755 -0.6768967236777056 3.1418170591337096 0.0 0.0
4727 -0.6750207072206322 3.141486037552821 -0.6719216036888065 3.141762968139169 0.0 0.0
4730 -0.6699210735116116 3.141398112758343 -0.6670704154649336 3.14164556884101 0.0 0.0
4733 -0.6648062914043285 3.141256740969218 -0.6620612500636471 3.1414709828946314 0.0 0.0
4737 -0.657931734382822 3.14098221793967 -0.6568961757377926 3.141233994250485 0.0 0.0
4739 -0.6545420326480312 3.1408109566403324 -0.6518947883418362 3.140947987782671 0.0 0.0
4743 -0.6476642532662686 3.1403916986799887 -0.6460559844634138 3.1405419611930636 0.0 0.0
4746 -0.6425443460560635 3.140018304337604 -0.6417344715943957 3.140209513726281 0.0 0.0
4749 -0.6374612144466599 3.139597827576414 -0.6359828274726776 3.139703827877555 0.0 0.0
4752 -0.6326138061843775 3.1391627334601786 -0.6312144698492624 3.1392932774330573 0.0 0.0
4755 -0.6276691007499507 3.1386718837260266 -0.6268533436271901 3.1388425714973263 0.0 0.0
4758 -0.6226547460701768 3.1381301418330683 -0.6220912324918821 3.1383169621639952 0.0 0.0
4760 -0.6193337297561254 3.1377489420377214 -0.6170332195913045 3.1377044964536798 0.0 0.0
4764 -0.612599715168798 3.1369215614330987 -0.6122377900204452 3.1370727009346857 0.0 0.0
4766 -0.6092857268044614 3.136482574985583 -0.6065957138625061 3.1363002943843243 0.0 0.0
4770 -0.6025694820336447 3.1355293463245526 -0.6018148146303087 3.1355801979366804 0.0 0.0
4772 -0.5992916780219684 3.1350315420775714 -0.5971140254708247 3.134862570779209 0.0 0.0
4776 -0.5927660471976758 3.1339642179995963 -0.592233770694803 3.1340729492969506 0.0 0.0
4778 -0.5895772391815312 3.1334025371441476 -0.5876704816018182 3.1332739719392317 0.0 0.0
4782 -0.5829821357001439 3.13215183714645 -0.5830098860701944 3.132349499855279 0.0 0.0
4785 -0.5779966214121672 3.131142276283233 -0.5782325830289784 3.1313444192205275 0.0 0.0
4788 -0.5730109118722804 3.130076433343402 -0.5726634981814734 3.1301057992120467 0.0 0.0
4791 -0.5680265973946114 3.128953162401885 -0.567937685344406 3.1290028431088874 0.0 0.0
4793 -0.5647415344100506 3.1281812863134837 -0.5630699138222588 3.1278195633227064 0.0 0.0
4797 -0.5580910317094386 3.126542035248963 -0.558094770363865 3.126557256644627 0.0 0.0
4799 -0.5548286121876076 3.125700638919715 -0.5533672779708366 3.1253164549076153 0.0 0.0
4803 -0.5482400371245144 3.123930546926668 -0.5483965868112705 3.1239749028733512 0.0 0.0
4805 -0.545057025949553 3.123042612968781 -0.5437281760500495 3.122730867075331 0.0 0.0
4809 -0.5386333930372932 3.1211804605710336 -0.5391913577266841 3.1214417654890583 0.0 0.0
4811 -0.5354525868510837 3.1202257760817416 -0.5348012992292431 3.120148024524538 0.0 0.0
4815 -0.5289997399867176 3.1182257714130293 -0.530313188099569 3.1187747220148636 0.0 0.0
4817 -0.525826599362051 3.1172101062404254 -0.5251445745226201 3.117148789397869 0.0 0.0
4821 -0.5193863443520257 3.1150827138834143 -0.5210877236561681 3.115812244332658 0.0 0.0
4823 -0.5162145304471171 3.1140018537680483 -0.5158378917521841 3.1140401148085735 0.0 0.0
4826 -0.5114093263737298 3.1123220212792497 -0.5112585558187024 3.1124300210497196 0.0 0.0
4829 -0.50660779581848 3.11059172926776 -0.5067995674937608 3.110812975806378 0.0 0.0
4833 -0.5001835029717793 3.1081940607077274 -0.5022412444000143 3.109111633941814 0.0 0.0
4835 -0.49702482185232594 3.106979744303611 -0.4977608741712862 3.1073921785342544 0.0 0.0
4839 -0.49062753503042944 3.104446593530149 -0.4922848087394464 3.1052273178298013 0.0 0.0
4841 -0.4874866290051059 3.1031658638339588 -0.48783383091656696 3.1034274225438856 0.0 0.0
4845 -0.48114533982696156 3.100502202937335 -0.4831436230334172 3.101482248589842 0.0 0.0
4848 -0.4765888456292424 3.098517875299771 -0.4791210214581063 3.09990863377899 0.0 0.0
4850 -0.47383650622923934 3.097277903902532 -0.4740126185715305 3.0982184778645605 0.0 0.0
4854 -0.4683672741837444 3.094691486581659 -0.47021554153606965 3.0967026198374272 0.0 0.0
4856 -0.46546951360564887 3.0932569527188356 -0.46597410362148955 3.0947254381835694 0.0 0.0
4860 -0.45961014517915977 3.09028441972083 -0.46154306979418014 3.092563644274153 0.0 0.0
4862 -0.4567085096192386 3.0887769911870793 -0.457017184617791 3.0903340228329053 0.0 0.0
4865 -0.4523053906160136 3.086444552250112 -0.45255049552607757 3.087975166267503 0.0 0.0
4869 -0.4464155111233214 3.0832432617624232 -0.44813394531213896 3.085584405863298 0.0 0.0
4872 -0.44203642840250457 3.0807986755264958 -0.44372267843204394 3.0830649875324303 0.0 0.0
4875 -0.4376668146826693 3.078303393787075 -0.4394047444913154 3.0806022885593767 0.0 0.0
4877 -0.43478818504488054 3.0766283686103626 -0.4353469627860681 3.0782887248017126 0.0 0.0
4881 -0.4289590111977846 3.0731589003975976 -0.43146106690308333 3.0758850665114377 0.0 0.0
4883 -0.4260960703595367 3.0714161264261097 -0.4272775174120987 3.0733964927206734 0.0 0.0
4886 -0.4217692925777445 3.0687326913904105 -0.4231637140176151 3.0708292055569184 0.0 0.0
4889 -0.4174565066244725 3.0659973403003224 -0.41834615122276325 3.067787938343349 0.0 0.0
4893 -0.41170062558665294 3.0622499525468427 -0.41418627196885266 3.065077894159318 0.0 0.0
4895 -0.4088759209290806 3.0603694446203678 -0.41003994565665136 3.062322015685816 0.0 0.0
4899 -0.4031652692961687 3.056481634913706 -0.4067657620938788 3.060131896913543 0.0 0.0
4902 -0.39893427254324315 3.05352541068848 -0.402181411904152 3.0569614321982574 0.0 0.0
4905 -0.3947377362909893 3.0505291851959466 -0.3979921405400137 3.0540404557412755 0.0 0.0
4908 -0.39058327858467834 3.0474999647877374 -0.39426583550565786 3.051520810789896 0.0 0.0
4910 -0.3878727958974082 3.0454899296274074 -0.3896982144924314 3.048460821723075 0.0 0.0
4914 -0.3826004923517744 3.0415161518614653 -0.38561304019982734 3.0457676595477468 0.0 0.0
4916 -0.3799729056174427 3.0395094130605487 -0.3818564780652263 3.0432983407778207 0.0 0.0
4919 -0.3760547518912882 3.036508016206467 -0.37795610249436634 3.0406845373857077 0.0 0.0
4922 -0.3723300553257419 3.033650552257876 -0.37388551836350714 3.038290371696548 0.0 0.0
4926 -0.3675699282402206 3.029958690052928 -0.369964851552481 3.036042508165067 0.0 0.0
4929 -0.36372868236310624 3.026950820901093 -0.3652219760675517 3.0322424306947013 0.0 0.0
4931 -0.361168293566142 3.0249461610003436 -0.3615330191169089 3.029505717628232 0.0 0.0
4935 -0.35596092910824634 3.0208687773203815 -0.35760431608237353 3.0261693686487385 0.0 0.0
4937 -0.3533889299793253 3.0188545973270453 -0.35392589341505204 3.0233137507526435 0.0 0.0
4941 -0.34815105499888355 3.014751541674026 -0.3492329634906092 3.0193281017713156 0.0 0.0
4943 -0.34556367259641385 3.0127239513675304 -0.34530798050818967 3.016189229278344 0.0 0.0
4947 -0.3402956589362693 3.0085936068555594 -0.34147610883163676 3.0129025740763264 0.0 0.0
4949 -0.337693745417403 3.0065523696634635 -0.33764193000986714 3.009595116840814 0.0 0.0
4953 -0.3323964383350795 3.0023935287326062 -0.33357951279908515 3.0061034233339545 0.0 0.0
4956 -0.32843035454389385 2.9992766888411495 -0.3297434334717884 3.0027756632347247 0.0 0.0
4959 -0.32445616701732166 2.9961501397821255 -0.32586825880244985 2.9994217658696978 0.0 0.0
4962 -0.3204792939255388 2.993018396643359 -0.32118776557723777 2.995448034723491 0.0 0.0
4965 -0.3165033731842598 2.989885454216491 -0.31727186066250024 2.9920176631408304 0.0 0.0
4968 -0.3125329733943128 2.986756281435755 -0.3134604767235768 2.9887900235575335 0.0 0.0
4970 -0.3099187031626428 2.9846965499981724 -0.30908013250605454 2.98521025393271 0.0 0.0
4974 -0.3047256154233539 2.9806120396471725 -0.3050568057317942 2.9820272167868476 0.0 0.0
4976 -0.30228850640557137 2.978706720563942 -0.30113167603148955 2.9792101142891703 0.0 0.0
4980 -0.2971615585217502 2.9746951405763467 -0.29726550796479323 2.9759826738302744 0.0 0.0
4982 -0.2945718874559547 2.9726389919843843 -0.29326098942281553 2.9727070105898865 0.0 0.0
4986 -0.2896122934928207 2.968621633437936 -0.28931578920846324 2.9697264777072996 0.0 0.0
4988 -0.28732654028283394 2.966714028920447 -0.2853890901863585 2.9669831057095752 0.0 0.0
4992 -0.28247377452117933 2.9625265827945437 -0.2812331873394353 2.963396256394946 0.0 0.0
4994 -0.27998718707183906 2.9603309925010706 -0.2778454233903409 2.9603855674654946 0.0 0.0
4998 -0.27497124674903034 2.9558114860231637 -0.2744376924993443 2.957153254843749 0.0 0.0
5000 -0.27251697978309264 2.9535539950540564 -0.2711053926176311 2.9541403949558434 0.0 0.0
5003 -0.26881786055855045 2.95009218837215 -0.26766301558293437 2.950943775349426 0.0 0.0
5007 -0.2638995092922829 2.9453750395827845 -0.26367279966016216 2.947247278214286 0.0 0.0
5010 -0.26025936252898985 2.941796367812046 -0.2602353995781313 2.9439219458867707 0.0 0.0
5012 -0.257871688676306 2.9394071320668247 -0.2568710179085659 2.940774148598521 0.0 0.0
5016 -0.25306716027940157 2.934494770519891 -0.2534914563917123 2.937405641265129 0.0 0.0
5019 -0.2495265198837896 2.9307831167024943 -0.25008436691209407 2.9340536980317293 0.0 0.0
5022 -0.24602937106423467 2.9270393593023796 -0.2468046169915515 2.9307740453669022 0.0 0.0
5025 -0.24258153539951396 2.923273415690896 -0.2434784071399813 2.927417686105255 0.0 0.0
5028 -0.23926010975817558 2.9195811786521593 -0.24002384361313645 2.924092661945899 0.0 0.0
5031 -0.2361220469803739 2.9160421651463597 -0.23651333418472026 2.9208239730566423 0.0 0.0
5034 -0.2328390752109662 2.9122778104391647 -0.23322624554491334 2.917310578736955 0.0 0.0
5037 -0.2295468858272058 2.9084389153739187 -0.22999124422090175 2.913925074172434 0.0 0.0
5039 -0.22739044100073838 2.905887180607924 -0.22668081954518482 2.9101720931239603 0.0 0.0
5043 -0.22305179172750947 2.900658425077868 -0.22339539302725372 2.9061048124617836 0.0 0.0
5045 -0.22093462648816203 2.898059039158964 -0.220257677734321 2.9025940050236105 0.0 0.0
5049 -0.21667968407342647 2.892734824065539 -0.21658635475055035 2.8979734130574215 0.0 0.0
5051 -0.2146068229783206 2.8900902642212545 -0.21355562388870888 2.89444391172326 0.0 0.0
5055 -0.2104505837023295 2.8846812128017807 -0.2104208846062826 2.8904920186735517 0.0 0.0
5057 -0.2084388835928747 2.882010437027466 -0.20730241942020203 2.886597210908161 0.0 0.0
5061 -0.20462574307859993 2.8768157797005647 -0.20392664575294084 2.8827263365574076 0.0 0.0
5063 -0.20280681189403071 2.8742531327239913 -0.20068674340483367 2.8787880124948195 0.0 0.0
5067 -0.1990138808021359 2.868762425182117 -0.19788113912003943 2.874963981848026 0.0 0.0
5069 -0.19714949451293703 2.866033475120622 -0.1945469434712825 2.870515529180213 0.0 0.0
5073 -0.19336612751139742 2.8604842819800473 -0.19178232316694516 2.866179258293676 0.0 0.0
5076 -0.19054835837813774 2.8563428526170136 -0.18901796733941806 2.8621377849976346 0.0 0.0
5078 -0.1886924093507318 2.853611852627699 -0.18617684484241417 2.858325587903656 0.0 0.0
5082 -0.1849444023390231 2.8480914465700624 -0.18325832552168922 2.8536709566813303 0.0 0.0
5084 -0.1831568011207804 2.8454647543219354 -0.18010093673407204 2.849763892668243 0.0 0.0
5088 -0.17968913865601216 2.8404072493242367 -0.17724236788035178 2.8454460043509235 0.0 0.0
5090 -0.17785575515383353 2.837749797821172 -0.17399672009823086 2.840926902152164 0.0 0.0
5094 -0.17408255355990224 2.8322498794747384 -0.17147054434353695 2.836396968089406 0.0 0.0
5096 -0.1722185790507066 2.829493946331886 -0.16890823223293244 2.8324927414874113 0.0 0.0
5099 -0.16942049988998403 2.8252883900474672 -0.16626579504386468 2.828195347629855 0.0 0.0
5103 -0.1657187535686087 2.819591908850838 -0.16366336131042125 2.824073530950271 0.0 0.0
5106 -0.16299309606657045 2.8152951892433964 -0.16094651218512826 2.819614665231655 0.0 0.0
5109 -0.16030084254353763 2.810960996108577 -0.15832100673324787 2.815540784216625 0.0 0.0
5112 -0.15764381275778924 2.8065907695038774 -0.15573903559769695 2.81149877433243 0.0 0.0
5115 -0.15502407396011875 2.802185877960092 -0.15323028493989954 2.807502831639689 0.0 0.0
5118 -0.15244408145642036 2.797748556697863 -0.15074091857661837 2.803466243750363 0.0 0.0
5121 -0.14990592907807812 2.793280355831295 -0.14803011569675886 2.7990626641625895 0.0 0.0
5124 -0.14741349760349864 2.7887854623901687 -0.1454187498247348 2.794698855091631 0.0 0.0
5127 -0.14498958312901294 2.7843039451990133 -0.14289848213685466 2.790435779624974 0.0 0.0
5129 -0.14348370179753694 2.781450646128979 -0.1400769578845002 2.786336584434137 0.0 0.0
5133 -0.14049502836301087 2.775581768820764 -0.13802961409098496 2.7825737406886626 0.0 0.0
5135 -0.13901337070895498 2.772582418492816 -0.13529586770923513 2.777721966474491 0.0 0.0
5139 -0.13613369881562615 2.766603383532222 -0.13285779145518914 2.772815525122545 0.0 0.0
5141 -0.13483289394996928 2.7638525649303647 -0.1299831378403854 2.768395212247123 0.0 0.0
5145 -0.13209673120754328 2.757949693822292 -0.12830299328432834 2.7640385032977366 0.0 0.0
5147 -0.13073708337584958 2.754946516470387 -0.12589716709892407 2.759658534002802 0.0 0.0
5150 -0.12870856798708863 2.750372784815153 -0.12344076827309525 2.754537543079009 0.0 0.0
5154 -0.12605019230404732 2.744192737902905 -0.12149359372731769 2.7500160694710747 0.0 0.0
5155 -0.12540599555006632 2.7426611783020807 -0.1194432378896332 2.745869653776791 0.0 0.0
5160 -0.12221120359684677 2.73485320488003 -0.11786588551498463 2.740490869331269 0.0 0.0
5162 -0.1209793211248146 2.7317414019844417 -0.1159004121895043 2.736303079904696 0.0 0.0
5166 -0.11853328876454626 2.7253788578666858 -0.1143246446806493 2.7313943589577327 0.0 0.0
5168 -0.11735614410271637 2.722223246346783 -0.11230679789737533 2.726983011054888 0.0 0.0
5171 -0.11560800200760102 2.717414723837693 -0.11052639492912004 2.722237180192412 0.0 0.0
5175 -0.11333365567296814 2.710919922359467 -0.10845054316259953 2.7169379230183828 0.0 0.0
5178 -0.11168856666747162 2.7060354323630516 -0.10683409568803007 2.712298761499948 0.0 0.0
5180 -0.11062891046464514 2.7027973949964244 -0.10505705053124341 2.707325305955381 0.0 0.0
5184 -0.10854445176760807 2.696200602247438 -0.1036818175963075 2.702254616790213 0.0 0.0
5187 -0.10705025986253391 2.6912709146221747 -0.10181858018860279 2.6976892638718546 0.0 0.0
5190 -0.10561191310541891 2.686351738960115 -0.10041367387469846 2.692414596251162 0.0 0.0
5193 -0.10427270922824804 2.681619911333554 -0.09877792483256932 2.687500057204438 0.0 0.0
5195 -0.10345485595829522 2.6786779557789187 -0.09681407159538886 2.682748477635167 0.0 0.0
5199 -0.10173899912974872 2.6723337590311864 -0.09560467224816961 2.677764020362742 0.0 0.0
5201 -0.10090506327376732 2.6691375559108357 -0.09332785958866822 2.6725188269003066 0.0 0.0
5205 -0.09930260739522703 2.6627473188163413 -0.09189077311757377 2.6675444296937374 0.0 0.0
5207 -0.09853838388429528 2.659549043012639 -0.09004643001977959 2.6631472107508265 0.0 0.0
5211 -0.09703693800572077 2.6529916159457043 -0.0888113895525816 2.658379869916951 0.0 0.0
5213 -0.09632734471585767 2.649747288149691 -0.08706021016251299 2.653977228034829 0.0 0.0
5217 -0.09495208490791487 2.6431627580178896 -0.08598241806171025 2.6490502044104978 0.0 0.0
5219 -0.09429820310637113 2.639935890950209 -0.08436668486837166 2.6445021380310485 0.0 0.0
5223 -0.09297795644079598 2.6333924674289024 -0.08324620527441028 2.6396832317684007 0.0 0.0
5225 -0.09232676259565586 2.630159475050363 -0.08223445631168289 2.634712832026037 0.0 0.0
5229 -0.09100328349788464 2.6235749296360584 -0.08144509949417919 2.6287226323164563 0.0 0.0
5231 -0.09035092989816973 2.6203214865734825 -0.08033977303596808 2.6239324406516613 0.0 0.0
5235 -0.08902651383098376 2.613697044686647 -0.07972153068405571 2.6187828218535625 0.0 0.0
5238 -0.08803988681530953 2.6087443395028322 -0.07921823618168293 2.6136777710577754 0.0 0.0
5241 -0.0870552476740615 2.6037902794101146 -0.0791605241250287 2.608337594674892 0.0 0.0
5244 -0.08607271298625155 2.5988402118739597 -0.07836720213426875 2.603417294277639 0.0 0.0
5246 -0.08542504921418194 2.595578157608003 -0.07796482382214079 2.5982324904956577 0.0 0.0
5250 -0.08412292854885592 2.5890377833457054 -0.0775519943528187 2.591845154092072 0.0 0.0
5252 -0.08352167536561092 2.5860577897559844 -0.07660461310037966 2.586477477024065 0.0 0.0
5256 -0.08227500073520011 2.580058990951726 -0.07639849593815665 2.58107441174143 0.0 0.0
5258 -0.08159849123357263 2.5768563762041286 -0.07580170984251437 2.5762215499258425 0.0 0.0
5261 -0.08056805050490279 2.571998588789967 -0.07536851076799118 2.5709454398286296 0.0 0.0
5264 -0.07953447488871355 2.5671538275600163 -0.07492685666012602 2.5658272251028746 0.0 0.0
5268 -0.07816510482606885 2.560763087192414 -0.07424524070521064 2.560896609138857 0.0 0.0
5271 -0.07713820511696359 2.555945907619548 -0.07395164614829834 2.556060016194619 0.0 0.0
5274 -0.07610795912732393 2.5511144021065033 -0.0733792669854133 2.5503391590646274 0.0 0.0
5277 -0.07507647067216394 2.54627690301563 -0.07274565711478638 2.5452578293339623 0.0 0.0
5280 -0.07404374718195471 2.5414297174786564 -0.07212736041167495 2.5404507972977624 0.0 0.0
5283 -0.07300883489896424 2.5365671800123306 -0.07147089783610522 2.535618914034302 0.0 0.0
5286 -0.07197210152910141 2.53168898477439 -0.07080323402848542 2.5309055665417497 0.0 0.0
5289 -0.07093394151430701 2.5267953369759337 -0.07008745128374032 2.5262960697362953 0.0 0.0
5291 -0.07024813223704732 2.523557031742832 -0.06921914485073269 2.520678109011543 0.0 0.0
5295 -0.06885462798876507 2.516961220964573 -0.06848608527568338 2.515959605735647 0.0 0.0
5297 -0.06816827623635138 2.5137034980573025 -0.06770995691986145 2.5112793993720555 0.0 0.0
5301 -0.06677703354286728 2.50708077866806 -0.06690026414638245 2.5065502749898383 0.0 0.0
5303 -0.06609308096574883 2.503817920467742 -0.06606780411915175 2.501715719160201 0.0 0.0
5307 -0.06470724085383185 2.49719961709255 -0.06519392262033273 2.496914340985826 0.0 0.0
5309 -0.06402573104331989 2.4939458120703275 -0.0643276499307188 2.4920552971266483 0.0 0.0
5313 -0.06266773558056035 2.4874908241934985 -0.06328227034777248 2.486908035266252 0.0 0.0
5315 -0.06204328477019231 2.4845712544778324 -0.0621040934689874 2.4815468922523305 0.0 0.0
5319 -0.06070436266810166 2.4784808280874606 -0.06111001350275874 2.4767716833305133 0.0 0.0
5321 -0.059991498552585 2.4752749090432644 -0.060254483651052564 2.471952790414551 0.0 0.0
5324 -0.05891025182861695 2.4704315441757303 -0.05922297070630818 2.4664405566641117 0.0 0.0
5327 -0.057825778255410215 2.4656016278612096 -0.05826412880157521 2.4616151489835394 0.0 0.0
5331 -0.05639717599867047 2.4592489122026433 -0.05718697356390769 2.456825266320359 0.0 0.0
5334 -0.05531806302338858 2.454428540431208 -0.05634274767184681 2.452645598981385 0.0 0.0
5336 -0.05460539803170542 2.4512466966903257 -0.05531341189390747 2.447851983218033 0.0 0.0
5340 -0.053156865808194974 2.4447785399162596 -0.054229110973972226 2.443230240129515 0.0 0.0
5342 -0.0524424956726253 2.441586146024353 -0.05322304521902242 2.438400780363886 0.0 0.0
5345 -0.051358058449281915 2.4367361438193913 -0.05218855598686069 2.4338365732996636 0.0 0.0
5349 -0.04990179624662689 2.430212640401975 -0.051119012101835594 2.4291293020037363 0.0 0.0
5352 -0.048813214900700834 2.4253263008857338 -0.05008579222731533 2.424286233092549 0.0 0.0
5355 -0.04772342656201026 2.420424371851734 -0.04894947506981198 2.419658230183224 0.0 0.0
5358 -0.046632823698767596 2.4155069419479123 -0.04765348804863366 2.414185912091473 0.0 0.0
5361 -0.045542908053209194 2.4105785279247938 -0.046573814437937795 2.4095347410381334 0.0 0.0
5364 -0.04445472813082951 2.40564574830384 -0.045773699138069966 2.405720708369411 0.0 0.0
5367 -0.04336860295310409 2.4007139102889106 -0.044540425111045154 2.400650005287164 0.0 0.0
5370 -0.042284491123729166 2.3957888013849074 -0.043203712083849974 2.3950566478912 0.0 0.0
5373 -0.04120378839912092 2.3908818815187765 -0.042078076390132266 2.390293409246398 0.0 0.0
5375 -0.04050642976790424 2.387734511775241 -0.040801958587941604 2.385156625084854 0.0 0.0
5379 -0.03916686120904366 2.381812821495129 -0.0394236400589905 2.380105874237984 0.0 0.0
5381 -0.03846132451506958 2.378768006833817 -0.03836715466683738 2.375339214875523 0.0 0.0
5384 -0.03733203603475873 2.373923428435992 -0.03731149982769635 2.370539261551085 0.0 0.0
5387 -0.03620132657570905 2.369094985671086 -0.036276854142291017 2.3659171282371814 0.0 0.0
5390 -0.035068370769078636 2.3642846444254153 -0.035188210165238716 2.3612001002322183 0.0 0.0
5393 -0.033961190825171 2.3595823260488564 -0.03410468716457827 2.356630048269804 0.0 0.0
5397 -0.03245178777735182 2.3531425033821582 -0.033023906894328256 2.3519186041735067 0.0 0.0
5400 -0.03132342323974585 2.348330666882365 -0.031911178745500354 2.3469983246272808 0.0 0.0
5403 -0.030193850106244834 2.343511473628197 -0.030852993946849705 2.342317229048022 0.0 0.0
5405 -0.029447176470304082 2.3403239750668554 -0.029828643923257545 2.3377853105296653 0.0 0.0
5409 -0.02792792655951996 2.3338310729757232 -0.028579139779721905 2.332146233815304 0.0 0.0
5411 -0.02717829108348007 2.3306228403007236 -0.027555186339631235 2.327629197198283 0.0 0.0
5415 -0.02565411232594037 2.324088511737087 -0.026422640328425867 2.3227977179023664 0.0 0.0
5418 -0.024515101762553962 2.3191938835506756 -0.025401228929326943 2.31817480256467 0.0 0.0
5421 -0.023375332745027906 2.3142842276109574 -0.024305400957105445 2.313424961948447 0.0 0.0
5423 -0.022623537425519095 2.311038301315159 -0.02319436907336199 2.308666321151253 0.0 0.0
5427 -0.021099498940291297 2.3044430786911945 -0.02208549348805678 2.3039866962063114 0.0 0.0
5430 -0.019964570144771588 2.29952302192834 -0.020978920779165595 2.299381030319249 0.0 0.0
5433 -0.018831615478940304 2.294610873400702 -0.019756811704865127 2.294495941499676 0.0 0.0
5436 -0.017704690635715142 2.2897311255250523 -0.018617898985388365 2.289688928661 0.0 0.0
5438 -0.016990622899378114 2.286664061193507 -0.017041304512434203 2.2838762574992386 0.0 0.0
5442 -0.015586254890051025 2.2807671876119686 -0.01568117483493192 2.2789968266256215 0.0 0.0
5444 -0.01482928264874342 2.277651630994722 -0.014639415375680826 2.274425960695772 0.0 0.0
5448 -0.01325080133828322 2.2711873841575034 -0.013573253078066849 2.269966644333666 0.0 0.0
5450 -0.012471820615562852 2.2680125016231556 -0.012327412539696176 2.2644746207705038 0.0 0.0
5454 -0.010905367830959422 2.261653529010195 -0.01111647590174838 2.2595857188101673 0.0 0.0
5456 -0.010141694398055328 2.2585394143478266 -0.010004099831185215 2.2550261476462117 0.0 0.0
5459 -0.008966790044598787 2.2537427232565928 -0.00888209482172883 2.250393427386037 0.0 0.0
5462 -0.007790945994098105 2.248943231109092 -0.007745087980156056 2.245714053677662 0.0 0.0
5466 -0.006213112007775773 2.242499964084987 -0.006601388159854304 2.24117221940003 0.0 0.0
5469 -0.005032788805824659 2.237675399436318 -0.005376526759698971 2.236110574739473 0.0 0.0
5472 -0.0038500167646180273 2.2328351684681373 -0.004280478466716392 2.2316286050273897 0.0 0.0
5475 -0.002665223727704169 2.227979549997675 -0.003171472590418864 2.226931773624997 0.0 0.0
5477 -0.0018823162298289024 2.224766407638356 -0.002064226813045004 2.222400119888416 0.0 0.0
5481 -0.00029085452423496675 2.2182217732309195 -0.000879847647112239 2.2176763828675075 0.0 0.0
5483 0.0004936083976731377 2.214988395748783 0.00020973421273371866 2.2130735181545784 0.0 0.0
5487 0.00208493160882991 2.2084120932864915 0.0015770866662892901 2.207549779767834 0.0 0.0
5489 0.002867567016556994 2.205170932598775 0.002671192438568723 2.202970993879782 0.0 0.0
5493 0.004453650996639579 2.1985940981755365 0.0039022119411190803 2.19810183851644 0.0 0.0
5495 0.0052336021197439825 2.1953599369987584 0.005010407661266458 2.193488765744258 0.0 0.0
5499 0.00680444264953803 2.1888587626101534 0.00623199317001395 2.188723782364931 0.0 0.0
5501 0.007532165074633738 2.185877818239228 0.007586809285463219 2.1838289303980796 0.0 0.0
5505 0.009015549039500829 2.179944639946279 0.008938548489876743 2.178801375407357 0.0 0.0
5508 0.010235420544433412 2.1751400993825585 0.010191132564678587 2.1733379933319705 0.0 0.0
5511 0.011461153499090255 2.1703331014533926 0.01131711567733542 2.168578542601648 0.0 0.0
5514 0.012688815582177175 2.165543472241418 0.012401850992796807 2.1640217784829066 0.0 0.0
5516 0.013483845284968087 2.162446713756843 0.013578899626156734 2.159265964630058 0.0 0.0
5520 0.015104436042880155 2.156099923012927 0.014859352858616654 2.1541036838670946 0.0 0.0
5522 0.01591020881275383 2.152942217715985 0.01598364306161662 2.149417082769325 0.0 0.0
5526 0.01754840941393007 2.1465230983508508 0.01713924707958681 2.144916857274742 0.0 0.0
5528 0.01835625257568001 2.143355755221065 0.018306292746995405 2.1401100782761144 0.0 0.0
5532 0.020000300920053428 2.136904800948895 0.019499725212845122 2.1355311235394456 0.0 0.0
5534 0.02081176939716566 2.133717146246842 0.020625881923888943 2.130940524400981 0.0 0.0
5538 0.022462151718995148 2.127224674504553 0.021812083319272556 2.126452035894177 0.0 0.0
5540 0.02327624318725705 2.1240167291201044 0.022965636235173295 2.1217740514237255 0.0 0.0
5544 0.02493112799012673 2.1174826215869085 0.024373116905227695 2.116358497521771 0.0 0.0
5546 0.025746710740032656 2.1142549998177613 0.02551264647060909 2.1117716981771144 0.0 0.0
5550 0.027400883423456958 2.1076925061908427 0.026743584488996004 2.1071621298662717 0.0 0.0
5552 0.02821442979992884 2.1044589374672293 0.027890937217536316 2.102594349557933 0.0 0.0
5556 0.02986320794478003 2.0978992441760806 0.029131791084650128 2.097971538805131 0.0 0.0
5558 0.030674057805087366 2.0946739808322863 0.030509170037367934 2.0925038560700444 0.0 0.0
5562 0.03229493996292955 2.0882465219795097 0.03183629185541419 2.0878197948584996 0.0 0.0
5564 0.03303853687143369 2.0853356002705 0.0332939035164242 2.0829116624899897 0.0 0.0
5568 0.034608736555531844 2.07933058662939 0.03463342029285003 2.078016889148995 0.0 0.0
5570 0.035448069637491676 2.076154537645625 0.03576972839681688 2.0733831615137945 0.0 0.0
5574 0.037152440135705254 2.0697311853650935 0.03692887232632681 2.068731365238041 0.0 0.0
5577 0.03842316669873985 2.064969678460176 0.03811734269467787 2.064055536128155 0.0 0.0
5580 0.039661500887990114 2.060318353729923 0.03940136334261306 2.0591778184821012 0.0 0.0
5583 0.04092714549582848 2.0555461548017173 0.04084298420583004 2.053715356273637 0.0 0.0
5585 0.04176310775780378 2.052395424472226 0.04201161341917409 2.0490986611315622 0.0 0.0
5589 0.0434624618851575 2.0459902394306106 0.043254457669715564 2.0444185590070543 0.0 0.0
5591 0.04430071648273964 2.0428286662629547 0.044435244527910804 2.0397681798438154 0.0 0.0
5595 0.04600677685451187 2.0363886429015245 0.04561743563934997 2.0353213854611965 0.0 0.0
5597 0.04684881543033335 2.033206470805382 0.04677090791081485 2.0307192967668115 0.0 0.0
5600 0.04812649057027461 2.028372294770061 0.047939974409513454 2.0261370680512316 0.0 0.0
5604 0.049841605646465816 2.0218703086849326 0.04930874374681339 2.0206958997721918 0.0 0.0
5607 0.05112337082093407 2.016999876495111 0.050503471205437675 2.0161155737567023 0.0 0.0
5610 0.052405111626999984 2.0121178194847786 0.05166885447539537 2.0115667326446593 0.0 0.0
5612 0.053250297704363236 2.0088926005214294 0.0528016296864584 2.0070586560174686 0.0 0.0
5616 0.05496366524690428 2.002344152692541 0.05406487480900529 2.0023328211274287 0.0 0.0
5618 0.05580603524230544 1.999121912008739 0.055446400295684 1.9968929884134556 0.0 0.0
5621 0.05708076435848338 1.9942478038983402 0.05646176633513347 1.9931760371709488 0.0 0.0
5624 0.058336938374395915 1.989459274864072 0.05797288029088118 1.9878689308134394 0.0 0.0
5628 0.05990808181645921 1.9835778890779974 0.05984727074973352 1.9818710453978463 0.0 0.0
5630 0.06072419596323564 1.9805884732209162 0.061067057575199334 1.9772602098345877 0.0 0.0
5634 0.062487791398310615 1.974168663417796 0.062294669531690335 1.9726138826083046 0.0 0.0
5637 0.06380592647849852 1.9693941085130628 0.06348607250902169 1.9679756838983433 0.0 0.0
5640 0.0651124636422627 1.9646809174768383 0.06473458598793898 1.9632911456284372 0.0 0.0
5643 0.06640076965732224 1.9600094613202275 0.06603807870307406 1.9587536541871247 0.0 0.0
5646 0.06771115847043495 1.9552515470079903 0.06753038056398074 1.9533228918383057 0.0 0.0
5649 0.0690234127273336 1.9504879046291597 0.06876392492246411 1.9488175507523353 0.0 0.0
5651 0.06989039148571687 1.9473400581495017 0.06995147792001971 1.9443719746859804 0.0 0.0
5655 0.07165393363709958 1.9409322429952582 0.07121292437329911 1.9399120487405734 0.0 0.0
5657 0.07252463975194899 1.9377658293411912 0.0726242514241731 1.9345733841361041 0.0 0.0
5660 0.07384611467091574 1.932955479845321 0.07385829770150686 1.9300814875872387 0.0 0.0
5664 0.07562052189992512 1.9264856390323024 0.07514117681419508 1.9253947438141994 0.0 0.0
5667 0.07694703411520312 1.9216392660737631 0.07647123297192912 1.9206629181938433 0.0 0.0
5670 0.07827502454860666 1.9167777003171138 0.07771265276518934 1.916141672730982 0.0 0.0
5673 0.07960263168807195 1.9119060736252032 0.07904389283477327 1.911275299727759 0.0 0.0
5676 0.08092867312784222 1.9070307633916161 0.08034927329620725 1.9065311433407617 0.0 0.0
5678 0.08180273271606023 1.9038135831091985 0.08156729095154522 1.9020191026564117 0.0 0.0
5682 0.08357434118104035 1.897290489485712 0.08289668688706167 1.897354601734142 0.0 0.0
5684 0.08444499393428238 1.8940868293565416 0.08421279739468915 1.8925537868620868 0.0 0.0
5688 0.0861400455747441 1.8878906196879157 0.08581331834969101 1.8874601515671479 0.0 0.0
5690 0.08693521637895085 1.885037181154743 0.08739735752656706 1.8824170858950386 0.0 0.0
5693 0.08822704562741154 1.8804765737524631 0.08885773789269534 1.877003693698253 0.0 0.0
5696 0.08958861946503335 1.8756982558722755 0.09006173725371229 1.8724452869130923 0.0 0.0
5700 0.09141499573285332 1.8693206450571813 0.09133229930426479 1.8677468374506196 0.0 0.0
5703 0.0927514426584877 1.8646656735629397 0.09263167585036329 1.8631464817661396 0.0 0.0
5705 0.09363034284327092 1.861589592487043 0.09389029863868392 1.8585253808294284 0.0 0.0
5709 0.09544602243839732 1.8552273638198173 0.09536839388232322 1.8531446524532074 0.0 0.0
5711 0.09634115886242607 1.852091473486011 0.09665011662469984 1.8483778008201857 0.0 0.0
5715 0.09816092603364505 1.8457137001460753 0.09795278391066291 1.8437513560035785 0.0 0.0
5717 0.0990592179628988 1.8425633901442837 0.09919605913337266 1.8391601808183013 0.0 0.0
5721 0.10088723095715528 1.8361464355976505 0.10049680279954884 1.8346069918726955 0.0 0.0
5723 0.10178940040154474 1.8329757546701602 0.10176635330027692 1.8299454511507853 0.0 0.0
5727 0.10362423460401847 1.8265178280692809 0.10317070702701589 1.8250627018172576 0.0 0.0
5729 0.10452935262563717 1.8233268180091031 0.10443369160291088 1.8204622524364154 0.0 0.0
5733 0.10636900550006456 1.8168281882205257 0.10571199344618194 1.815974467334939 0.0 0.0
5735 0.10727488474903954 1.8136207732341698 0.10703953990008305 1.8113302831071236 0.0 0.0
5739 0.10911199127039573 1.8071045957180585 0.10833204476795921 1.8068543289288246 0.0 0.0
5742 0.11048043333610749 1.802244283556346 0.10966364326775929 1.8022605124779347 0.0 0.0
