0.0 0.0 0.0 0.0
0.0 0.0 0.0 0.0
0.0 0.0 0.0 0.0
0.0 0.0 0.0 0.0
0.0 0.0 0.0 0.0
0.0 0.0 0.0 0.0
0.0 0.0 0.0 0.0
0.0 0.0 0.0 0.0
0.0 0.0 0.0 0.0
0.0 0.0 0.0 0.0
0.0 0.0 0.0 0.0
0.0 0.0 0.0 0.0
0.0 0.0 0.0 0.0
0.0 0.0 0.0 0.0
0.0 0.0 0.0 0.0
0.0 0.0 0.0 0.0
0.0 0.0 0.0 0.0
0.0 0.0 0.0 0.0
0.0 0.0 0.0 0.0
0.0 0.0 0.0 0.0
0.0 0.0 0.0 0.0
0.0 0.0 0.0 0.0
0.0 0.0 0.0 0.0
0.0 0.0 0.0 0.0
0.0 0.0 0.0 0.0
0.0 0.0 0.0 0.0
0.0 0.0 0.0 0.0
0.0 0.0 0.0 0.0
0.0 0.0 0.0 0.0
0.0 0.0 0.0 0.0
0.0 0.0 0.0 0.0
0.0 0.0 0.0 0.0
0.0 0.0 0.0 0.0
0.0 0.0 0.0 0.0
0.0 0.0 0.0 0.0
0.0 0.0 0.0 0.0
0.0 0.0 0.0 0.0
0.0 0.0 0.0 0.0
0.0 0.0 0.0 0.0
0.0 0.0 0.0 0.0
0.0 0.0 0.0 0.0
0.0 0.0 0.0 0.0
0.0 0.0 0.0 0.0
-2.000578389090771 3.0030148683373956 0.0 0.0
-2.000578942178676 3.0030174821599838 0.0 0.0
-2.000579495447879 3.0030200963007663 0.0 0.0
-2.0005800488983327 3.003022710759293 0.0015798852124733912 0.00016343783061595338
-2.000580414274947 3.0030244364759993 0.0015798852124733912 0.00016343783061595338
-2.0005811563426072 3.0030279406268123 0.0092931201600858 0.0024862240896779174
-2.000581710336424 3.003030556035353 0.0092931201600858 0.0024862240896779174
-2.0005820760716677 3.0030322823787725 0.006797437112704348 -0.001149206666827099
-2.000582818868079 3.003035787804215 0.006797437112704348 -0.001149206666827099
-2.0005831848427658 3.003037514566483 0.00589437574132279 0.0010273835039283862
-2.0005839281254625 3.003041020842442 0.00589437574132279 0.0010273835039283862
-2.0005842943397343 3.003042748023684 0.010236234265729853 0.0004458825527057617
-2.000585038109033 3.0030462551505432 0.010236234265729853 0.0004458825527057617
-2.000585404563102 3.003047982751456 0.015227566939860746 -0.0049661889293519425
-2.0005861488192713 3.003051490730674 0.015227566939860746 -0.0049661889293519425
-2.0005865155130964 3.003053218751079 0.014717473858502547 -0.00694518995332294
-2.000587260256175 3.0030567275820568 0.014717473858502547 -0.00694518995332294
-2.000587627189891 3.0030584560220466 0.0029650020892317275 -0.008529878266449235
-2.0005883724206486 3.003061965707412 0.0029650020892317275 -0.008529878266449235
-2.000588739594896 3.00306369456954 0.004751642225599763 -0.004532251594408261
-2.00058948531382 3.003067205110437 0.004751642225599763 -0.004532251594408261
-2.0005898527284054 3.0030689343931583 0.008899120265264703 -0.004987954152101329
-2.0004360985203498 3.0030777649443587 0.008899120265264703 -0.004987954152101329
-2.0001097680423823 3.0030947087205795 0.013152278227491331 -0.0025464044557289385
-1.9987879925697767 3.00316092401181 0.013152278227491331 -0.0025464044557289385
-1.9981282616617333 3.0031940546522726 -0.00035727516428489536 -0.008802964497613783
-1.9971261012703698 3.003244530337815 -0.00035727516428489536 -0.008802964497613783
-1.9956340169021018 3.0033189947116 0.008147126606305344 -0.007061987650680087
-1.9943012281954429 3.003385233783134 0.008147126606305344 -0.007061987650680087
-1.9916203573253284 3.0035187504566356 -0.0003001799181340595 -2.2020787850251383e-06
-1.9892810626997959 3.0036352856794477 -0.0003001799181340595 -2.2020787850251383e-06
-1.985401476065076 3.0038283164389123 0.00037255323820589194 0.005429194151384842
-1.9823573852077578 3.0039797918183684 0.00037255323820589194 0.005429194151384842
-1.9793034317301954 3.0041317327314823 0.028122718190370814 0.0022502959272440474
-1.9762401562284069 3.0042839574726417 0.028122718190370814 0.0022502959272440474
-1.9731692967288077 3.004435834699912 0.03910973778157678 0.007436673397400628
-1.9711410612507223 3.0045355048384863 0.03910973778157678 0.007436673397400628
-1.967024707567188 3.004737139825751 0.04545172876242957 0.0002744423855756519
-1.9649995993482492 3.004836013399319 0.04545172876242957 0.0002744423855756519
-1.961936553097879 3.004985133363198 0.03944840668155694 0.012917950636165996
-1.9588819100808799 3.005133360000249 0.03944840668155694 0.012917950636165996
-1.9548040839547225 3.005329936746886 0.04954823502704939 0.002542527380783295
-1.9528071431280754 3.005426826526792 0.04954823502704939 0.002542527380783295
-1.9488563692341923 3.005615855572849 0.08347568165509514 0.002490276986464444
-1.946911820184549 3.0057071131488646 0.08347568165509514 0.002490276986464444
-1.9450514350274115 3.0058004292707117 0.07795211240902965 0.006010190579812579
-1.9414301247082097 3.005978714691602 0.07795211240902965 0.006010190579812579
-1.9376653029638264 3.0061771202559453 0.09062762451222292 0.00030331714675699284
-1.9357424483113648 3.0062794520989473 0.09062762451222292 0.00030331714675699284
-1.9318424593688375 3.00648779891878 0.09576676857572188 -0.003909384429503323
-1.9299238065596291 3.006590613978206 0.09576676857572188 -0.003909384429503323
-1.9260276043077662 3.0068005271621976 0.09607833938374709 0.003958085692941605
-1.924106703534457 3.006904575022241 0.09607833938374709 0.003958085692941605
-1.9197220034399463 3.0071446138149174 0.10834947680654662 0.0042700492959825255
-1.9171520291084632 3.0072863122504336 0.10834947680654662 0.0042700492959825255
-1.9118765107352718 3.0075793368951995 0.10099286056422269 -0.0016865190529760637
-1.9092698890528415 3.0077249838716007 0.10099286056422269 -0.0016865190529760637
-1.9053103174971413 3.00794718509984 0.1131638225283604 -0.00530345102919572
-1.8999854709264035 3.008247587946578 0.1131638225283604 -0.00530345102919572
-1.895997506843416 3.008473572473154 0.1187123600473922 -0.011680919832933939
-1.8919972979698592 3.008700948234389 0.1187123600473922 -0.011680919832933939
-1.8879846447653867 3.008929577934979 0.13097017211910608 -0.01474150027881064
-1.883959218586049 3.0091593193593753 0.13097017211910608 -0.01474150027881064
-1.8812952263686196 3.00931148463383 0.13965827849058732 -0.019396798048147333
-1.8758688361875273 3.00962147405459 0.13965827849058732 -0.019396798048147333
-1.8731880045967828 3.00977447305112 0.1577133425373321 -0.0180368580795289
-1.8677351830502762 3.0100840304281844 0.1577133425373321 -0.0180368580795289
-1.8636666010224932 3.010313981110579 0.16197658327588296 -0.019377905279861704
-1.859604350184484 3.010542914512153 0.16197658327588296 -0.019377905279861704
-1.8569289442934984 3.0106933302382113 0.1631934070478378 -0.03199595278131815
-1.8515151804496741 3.01099616331713 0.1631934070478378 -0.03199595278131815
-1.8488749226358603 3.0111450681638114 0.17025378044345502 -0.025224909436834954
-1.8436065129531392 3.011436583237214 0.17025378044345502 -0.025224909436834954
-1.8411554598864672 3.0115789039075684 0.1726696473498675 -0.007876006166877019
-1.83627523776468 3.011864826464757 0.1726696473498675 -0.007876006166877019
-1.8337687167310488 3.012019825087547 0.1835609561688498 -0.010744320062134865
-1.8285314683100269 3.0123459383217877 0.1835609561688498 -0.010744320062134865
-1.8259547329584958 3.0125069137932017 0.19444002690099968 -0.010695332652070157
-1.8207197081449236 3.01283548583355 0.19444002690099968 -0.010695332652070157
-1.816804860602619 3.0130832111831403 0.20524348595349418 -0.013539553013664562
-1.812879947050574 3.0133331189881005 0.20524348595349418 -0.013539553013664562
-1.808942573408677 3.013585343584004 0.21379052513562016 -0.014238264715655556
-1.806337093179857 3.013752967972506 0.21379052513562016 -0.014238264715655556
-1.8010308130623183 3.0140958930216613 0.22639361419990814 -0.014909942578388829
-1.7984092680479926 3.0142659877648246 0.22639361419990814 -0.014909942578388829
-1.7930704837987748 3.0146135433470196 0.23885831070476335 -0.018951138014526508
-1.7890720069562598 3.014874685895405 0.23885831070476335 -0.018951138014526508
-1.7864262098275903 3.0150477955060193 0.24495542059205194 -0.026650634103672098
-1.781037369527793 3.0154009215362754 0.24495542059205194 -0.026650634103672098
-1.777000429732582 3.015665726023817 0.25278368557119585 -0.02749164878681736
-1.7729504690171818 3.0159313903248743 0.25278368557119585 -0.02749164878681736
-1.770270880592843 3.016107010918039 0.2652667705794394 -0.026932507877781633
-1.764821056818133 3.016462520147519 0.2652667705794394 -0.026932507877781633
-1.762136963088081 3.0166370253756596 0.26632553205707377 -0.05087628402079965
-1.7566953827690066 3.0169898992383275 0.26632553205707377 -0.05087628402079965
-1.7540218078500809 3.0171628292221415 0.2555850749503398 -0.007701066180627637
-1.7486122914140096 3.017511144737158 0.2555850749503398 -0.007701066180627637
-1.7459806580144728 3.017681944245664 0.27326328155054475 -0.01649754783387675
-1.7420438444844133 3.0179328889271413 0.27326328155054475 -0.01649754783387675
-1.7382774470518694 3.018178661733729 0.2820085401219314 -0.01598389966493997
-1.7334503411183888 3.018504068547112 0.2820085401219314 -0.01598389966493997
-1.7309726975335744 3.018680219146262 0.308926231806477 -0.014114753686639827
-1.7270642495145263 3.018960233895466 0.308926231806477 -0.014114753686639827
-1.723162166047488 3.01924048339193 0.3091964329529211 -0.017882862616467043
-1.717929875090542 3.019618030887915 0.3091964329529211 -0.017882862616467043
-1.7153484106755519 3.0198054438945032 0.3273476852959176 -0.01782872970377113
-1.710094107110159 3.020189073591727 0.3273476852959176 -0.01782872970377113
-1.707498157570817 3.0203796229790782 0.31378412385368964 -0.01105884805755669
-1.7035545639095677 3.020670203772666 0.31378412385368964 -0.01105884805755669
-1.6982509990661467 3.0210628324980253 0.3299858145998407 -0.013403842983809196
-1.6942789488633125 3.0213580674917937 0.3299858145998407 -0.013403842983809196
-1.6902947767830072 3.021655053123954 0.3509958984272777 -0.014878900670522043
-1.6862983704891816 3.02195365499716 0.3509958984272777 -0.014878900670522043
-1.682289521876287 3.022253738414319 0.3503828349839026 -0.022359264267472867
-1.678267886581326 3.0225551671266144 0.3503828349839026 -0.022359264267472867
-1.6742330280141118 3.0228577949819933 0.36023761082149 -0.024331217223963742
-1.6715628801645412 3.0230580823548214 0.36023761082149 -0.024331217223963742
-1.6661258470043172 3.0234654505749776 0.3718314371194716 -0.024089750972833956
-1.6634431134821406 3.023665642448777 0.3718314371194716 -0.024089750972833956
-1.6579978906867852 3.0240708004275714 0.3800355170547737 -0.02179054700280368
-1.6553196280126221 3.024269651517721 0.3800355170547737 -0.02179054700280368
-1.6498961731084454 3.024671422286993 0.36082821714627517 -0.013318842859855629
-1.6458659122586077 3.024968557050713 0.36082821714627517 -0.013318842859855629
-1.6432448814236416 3.0251632332639673 0.36607501273482307 -0.009841578004470327
-1.6393085812621813 3.025450743485708 0.36607501273482307 -0.009841578004470327
-1.6355574748072834 3.0257292432100322 0.3797727563890089 -0.008234872569242078
-1.6307853681454696 3.0260981592671423 0.3797727563890089 -0.008234872569242078
-1.6283141856806709 3.026298735311657 0.3726687754327928 0.0009589354468018847
-1.6230828406474718 3.0267263435053877 0.3726687754327928 0.0009589354468018847
-1.6205094243306164 3.02693728058763 0.38242200303642376 0.0019651811512209766
-1.6152809078649166 3.0273672750582854 0.38242200303642376 0.0019651811512209766
-1.6127012635896085 3.027580609137324 0.421399502179583 -0.002513162691125939
-1.607450562886179 3.0280169604565708 0.421399502179583 -0.002513162691125939
-1.6048563804100668 3.0282335599640615 0.4304250800735089 0.01317507203939271
-1.5995728293667955 3.028676475649619 0.4304250800735089 0.01317507203939271
-1.5969624520119445 3.0288960763862813 0.4184368878729622 0.014130002704941587
-1.5916464165217812 3.0293446483880277 0.4184368878729622 0.014130002704941587
-1.5890200946901398 3.0295668440887207 0.4200748465715869 0.012214181659676599
-1.5836715157503551 3.0300203229227423 0.4200748465715869 0.012214181659676599
-1.5810289719501702 3.0302447606400817 0.43112726513174504 0.014735989761798733
-1.575646734387951 3.030702437469057 0.43112726513174504 0.014735989761798733
-1.5729871145604826 3.030928764697578 0.4427943320610855 0.01186324104014804
-1.5675699035626631 3.0313897960515734 0.4427943320610855 0.01186324104014804
-1.5648938646325075 3.031617359461859 0.45343150556419887 0.009552535822386668
-1.559452264528935 3.032078379661081 0.45343150556419887 0.009552535822386668
-1.556772513189939 3.03230484476524 0.4621421397815971 0.009353973549664366
-1.5513402969383678 3.0327629661556506 0.4621421397815971 0.009353973549664366
-1.5486715300172487 3.0329875723334334 0.48191676972542613 0.012185767288959483
-1.5446395294363673 3.033325739009368 0.48191676972542613 0.012185767288959483
-1.5393399500115517 3.0337710991916715 0.49340295245834837 0.011683237501894629
-1.536728754281519 3.0339870407540577 0.49340295245834837 0.011683237501894629
-1.5318035814157709 3.034403804714537 0.49997555292795215 0.014779193628757657
-1.5282792547324713 3.0347155255889113 0.49997555292795215 0.014779193628757657
-1.524489527038892 3.0350648012489128 0.47332891377083874 0.00450175671965811
-1.5219169076369814 3.0353029284404403 0.47332891377083874 0.00450175671965811
-1.5166964004513959 3.035787455249236 0.47380478006726956 0.011977876627555614
-1.5127971582736606 3.0361506514822842 0.47380478006726956 0.011977876627555614
-1.508890325048435 3.036516492521777 0.4785308312418038 0.02094591370978905
-1.5049732794492827 3.0368848036974927 0.4785308312418038 0.02094591370978905
-1.5010437901013405 3.037255819903216 0.48356087616226084 0.026567021030375667
-1.4984435750478484 3.0375020506642234 0.48356087616226084 0.026567021030375667
-1.4931481052436517 3.038005064565848 0.5242431673745053 -0.0065468396192710915
-1.4905319343712666 3.0382542518724773 0.5242431673745053 -0.0065468396192710915
-1.4852041395861961 3.0387628847571997 0.5181022842597692 0.0012221545681692612
-1.48257197171344 3.039014661739174 0.5181022842597692 0.0012221545681692612
-1.4785735782148088 3.0393976144264157 0.5367242831496442 0.004955481504346791
-1.473195831350255 3.0399133503041247 0.5367242831496442 0.004955481504346791
-1.4705384281172822 3.0401683670431834 0.5494704007451214 0.011166056778695073
-1.4665012713658268 3.040555837395029 0.5494704007451214 0.011166056778695073
-1.4624522216686588 3.0409442134572617 0.5652972677861199 0.012173668368680642
-1.4570160238972232 3.0414637956867208 0.5652972677861199 0.012173668368680642
-1.452960888712541 3.04185040403253 0.5731417594932022 0.01167401289745547
-1.4502881021068583 3.042104823656065 0.5731417594932022 0.01167401289745547
-1.4448761954301719 3.0426190402188698 0.583600957497405 0.022935608151848138
-1.4422202431197244 3.042870187444788 0.583600957497405 0.022935608151848138
-1.436934624636934 3.0433714120593804 0.5942514722268979 0.02240899293367473
-1.4343250696216472 3.0436150181824737 0.5942514722268979 0.02240899293367473
-1.4294359871138187 3.0440816381178966 0.5994520358576447 0.01369615167017286
-1.4271535775680493 3.0443063484655584 0.5994520358576447 0.01369615167017286
-1.422192411817351 3.04482027983694 0.6094249942168662 0.017152258731176
-1.4183000221089312 3.0452267255925625 0.6094249942168662 0.017152258731176
-1.414408320428045 3.0456342123748796 0.6137085128361869 0.02136847275887472
-1.4118383287795389 3.045903886134155 0.6137085128361869 0.02136847275887472
-1.4066106930066975 3.046454802339056 0.605547261668822 0.015623921178483853
-1.4040295726513707 3.0467278772521262 0.605547261668822 0.015623921178483853
-1.3987725969046447 3.0472861873823107 0.6182756730085863 0.015447341432353465
-1.3961752025479255 3.0475629251064578 0.6182756730085863 0.015447341432353465
-1.3908855148994848 3.0481280673099618 0.6317335343039747 -0.004515202629602651
-1.388272214956735 3.0484079485008606 0.6317335343039747 -0.004515202629602651
-1.3843026820018807 3.048833818194529 0.6385189667576352 -0.0032565638078324893
-1.3789644608422564 3.049407693756705 0.6385189667576352 -0.0032565638078324893
-1.3763270362102216 3.04969161651614 0.6455624847676984 0.0012694935382761914
-1.372320411618659 3.050123293898097 0.6455624847676984 0.0012694935382761914
-1.3669309836296009 3.0507043522284905 0.6579314558740248 0.0008165624052999226
-1.3628942147400926 3.051139602864512 0.6579314558740248 0.0008165624052999226
-1.3588463969664475 3.0515755581171957 0.6589419926940101 -0.0016952069508982123
-1.354794216063459 3.0520105786626557 0.6589419926940101 -0.0016952069508982123
-1.350744364256045 3.0524446453821574 0.6688974362450009 -0.0018058296087476253
-1.3467017899045988 3.0528771832249024 0.6688974362450009 -0.0018058296087476253
-1.3426707700806775 3.053307762447891 0.6781006897045739 -0.005106643197177479
-1.338660207305262 3.0537353475011857 0.6781006897045739 -0.005106643197177479
-1.3360780227794957 3.054010624346074 0.6836576180998637 0.005570005336787083
-1.3321418373278207 3.0544251885760523 0.6836576180998637 0.005570005336787083
-1.3284409461842288 3.054818327458623 0.6959183989659113 0.009351343132506858
-1.3250369292619977 3.0551949977998953 0.6959183989659113 0.009351343132506858
-1.3214410087205306 3.0556117476959685 0.6944824511053277 -0.004972219902860399
-1.3175513611836471 3.0560675408084323 0.6944824511053277 -0.004972219902860399
-1.3136651666180714 3.0565238536698445 0.6990685830598966 -0.011058346743794372
-1.3097769561217716 3.056981455268839 0.6990685830598966 -0.011058346743794372
-1.3058822872656617 3.057441476188716 0.7133952363908421 0.017758394806221878
-1.3032678092979701 3.057751260689299 0.7133952363908421 0.017758394806221878
-1.298062294045898 3.058370152323276 0.7155682919282926 0.01349544901153608
-1.292795595656962 3.0589987719046343 0.7155682919282926 0.01349544901153608
-1.2888511261653306 3.0594709325846727 0.7316462557250596 0.011698410355818038
-1.2848946751773938 3.059945526010136 0.7316462557250596 0.011698410355818038
-1.2809261992392593 3.0604224182184727 0.7359144827966246 0.008911043457739066
-1.2783003556763548 3.0607383644576247 0.7359144827966246 0.008911043457739066
-1.2727974546389378 3.061401267477062 0.7378492373911393 0.01959119552298648
-1.2681391033037477 3.061962766866485 0.7378492373911393 0.01959119552298648
-1.263122999179528 3.062567395418941 0.7491573685683377 0.02064555418339045
-1.2580921241682785 3.063173591383994 0.7491573685683377 0.02064555418339045
-1.2530531851807585 3.063779255275463 0.7623269521951306 0.022371847158135352
-1.2497285500310473 3.0641783147657193 0.7623269521951306 0.022371847158135352
-1.2446985058458717 3.0647813044915173 0.7654044592816496 0.012639049378033354
-1.2396834488932005 3.06538122120382 0.7654044592816496 0.012639049378033354
-1.233068816612101 3.0661721873606935 0.77948999060354 0.014729499654668576
-1.229817455515211 3.0665564012107573 0.77948999060354 0.014729499654668576
-1.2236869848813627 3.0672954914563744 0.7938488217253742 0.012105596650257788
-1.2207415439085707 3.0676654856892513 0.7938488217253742 0.012105596650257788
-1.214288643575706 3.0684898316102034 0.8116428091693855 0.0005562350639673978
-1.2110719104615557 3.068901997274975 0.8116428091693855 0.0005562350639673978
-1.2045346514033677 3.0697416940043527 0.8138387931529295 -0.009227603120767248
-1.2013083768580166 3.070157667512159 0.8138387931529295 -0.009227603120767248
-1.1947389468788645 3.0710071380886212 0.8265711368443988 0.0069516889676120314
-1.1914930600135958 3.0714280261742557 0.8265711368443988 0.0069516889676120314
-1.1848827183853732 3.0722870958051813 0.8202219690922813 0.01861237640147223
-1.1816169747533487 3.0727123116587025 0.8202219690922813 0.01861237640147223
-1.1749662579351732 3.073579558403252 0.847430410795415 0.015629498083808997
-1.1716803755555973 3.074008531250144 0.847430410795415 0.015629498083808997
-1.16498760276474 3.0748829044883528 0.863236307207722 0.004937535880821214
-1.161680457092357 3.0753151075750154 0.863236307207722 0.004937535880821214
-1.154946906108646 3.0761946299282172 0.8736311392589463 0.0038697318042662143
-1.1499144106148662 3.0768502030502556 0.8736311392589463 0.0038697318042662143
-1.1465950536816845 3.077282139038907 0.875195867098763 0.01153584658070861
-1.1398709311915223 3.078155893765254 0.875195867098763 0.01153584658070861
-1.1348805688390744 3.078803194511945 0.8946231681953505 0.024164217085637485
-1.1299817573011568 3.079436238207552 0.8946231681953505 0.024164217085637485
-1.1267590414358757 3.079850162772277 0.9113651587660819 0.014018165860956257
-1.1207314619459863 3.080643305779744 0.9113651587660819 0.014018165860956257
-1.1160912104719942 3.081278391611901 0.9152758398192219 0.02553573363129356
-1.111222557896875 3.081949356200738 0.9152758398192219 0.02553573363129356
-1.1080095558202225 3.082392818730629 0.9199938659171901 0.026436434194853888
-1.1014780053742392 3.083296656057312 0.9199938659171901 0.026436434194853888
-1.0965905471027724 3.0839755731636402 0.9275963414118846 0.016328601765703197
-1.0916878908470167 3.0846585084084315 0.9275963414118846 0.016328601765703197
-1.088443779796212 3.085111309097553 0.9402578792525311 0.01591303110162526
-1.0818371388072336 3.0860352889569227 0.9402578792525311 0.01591303110162526
-1.0785732359543319 3.0864925397471756 0.9552468267640826 0.015230814572085595
-1.0719262250906567 3.0874249678384444 0.9552468267640826 0.015230814572085595
-1.0686421203781706 3.0878861186173667 0.9862227688437722 0.004877748304099049
-1.0619527983520474 3.088825978650893 0.9862227688437722 0.004877748304099049
-1.0586476078052338 3.0892904620102497 1.0019199239372665 0.00474050824712793
-1.0519194497194195 3.0902351488475297 1.0019199239372665 0.00474050824712793
-1.0486023205612471 3.090699807709366 1.0146951012534071 0.003824992230749614
-1.0418752377753302 3.0916410737985633 1.0146951012534071 0.003824992230749614
-1.0368702802879695 3.092340110788814 1.0096136502930972 0.013780388072167415
-1.0319100621995407 3.093032640736857 1.0096136502930972 0.013780388072167415
-1.027017557326941 3.093710923260448 1.0047078482796774 0.035208581472485644
-1.023845414981133 3.0941502771119684 1.0047078482796774 0.035208581472485644
-1.017889819759661 3.094998796124513 1.041369037983838 0.013230950351253244
-1.0148300360871962 3.095448475803914 1.041369037983838 0.013230950351253244
-1.00831375579608 3.0964116353949382 1.0568327960440627 0.009973903515274492
-1.0051047542296683 3.0968867805709817 1.0568327960440627 0.009973903515274492
-0.9985793492247856 3.0978555926211824 1.0773709362154629 0.012219723769888308
-0.9953576770236772 3.098335330606537 1.0773709362154629 0.012219723769888308
-0.9887961199459349 3.099314997985063 1.0878202813876068 0.030889290789553457
-0.9855542945446358 3.0998000836373265 1.0878202813876068 0.030889290789553457
-0.9789523819921848 3.100789737907583 1.0708944832314218 0.026613647501347447
-0.9756908215526138 3.101279403485632 1.0708944832314218 0.026613647501347447
-0.9707364932965565 3.10202395183047 1.078984143547944 0.014174976555748375
-0.9657666703271761 3.102771510441879 1.078984143547944 0.014174976555748375
-0.9607807442343587 3.103521909958832 1.083247538504418 0.016400308091597003
-0.9540754136169189 3.104531170241432 1.083247538504418 0.016400308091597003
-0.9490580862187351 3.10528520296034 1.0938047610518336 0.016615669196847545
-0.9440409354781892 3.1060378540424547 1.0938047610518336 0.016615669196847545
-0.9390321450581542 3.1067883472244215 1.118578512337331 0.01734490273615788
-0.9340392565886725 3.107534938945002 1.118578512337331 0.01734490273615788
-0.929125198584167 3.10826993598256 1.134885786169649 0.023739403279588487
-0.9242305449061178 3.108995113028388 1.134885786169649 0.023739403279588487
-0.9211379484864419 3.109456658538879 1.1294679502359868 0.018780107793336744
-0.9181863094981841 3.109904187025432 1.1294679502359868 0.018780107793336744
-0.9120738138664991 3.110860869420709 1.152487189405967 0.01620587270892037
-0.905570404134071 3.1118877308852846 1.152487189405967 0.01620587270892037
-0.902365429931842 3.112394719530136 1.1539841647440594 0.016281877093290414
-0.8958463938821374 3.113428850255154 1.1539841647440594 0.016281877093290414
-0.8926272128339142 3.1139408937074426 1.1608452889034315 0.026663412266931828
-0.8860706193927591 3.1149863097436987 1.1608452889034315 0.026663412266931828
-0.8828313121968948 3.115503832031721 1.1891092228910756 0.022492000710058697
-0.8762345710675592 3.116559471673341 1.1891092228910756 0.022492000710058697
-0.8729755610240958 3.117081705642598 1.189108332250462 0.034118634211858144
-0.8663383748194938 3.118146366986089 1.189108332250462 0.034118634211858144
-0.8613668452798092 3.1189445085656775 1.1944361269295887 0.04086103599648095
-0.8563792703912838 3.119745483852782 1.1944361269295887 0.04086103599648095
-0.8513772277403683 3.120548582366449 1.2008939054761059 0.03285152252763745
-0.8480704852740693 3.1210787638734616 1.2008939054761059 0.03285152252763745
-0.8413587092576331 3.122153118362019 1.2206357964106644 0.021128213881769498
-0.8363607954733299 3.1229520413786616 1.2206357964106644 0.021128213881769498
-0.8313824808972705 3.1237461644444524 1.2244475309704936 0.034976699415984754
-0.8265077513451533 3.1245236541969974 1.2244475309704936 0.034976699415984754
-0.821632840136222 3.125293938597761 1.2277055442503118 0.03601497402136896
-0.8171355846070966 3.1260158005829886 1.2277055442503118 0.03601497402136896
-0.8126384729367268 3.126759887513595 1.2452648314485733 0.03813279118283224
-0.8078034965448393 3.1275688369106183 1.2452648314485733 0.03813279118283224
-0.8029567143956102 3.128381121421573 1.2455207659308924 0.040474611938458895
-0.7997556366014568 3.1289183796928373 1.2455207659308924 0.040474611938458895
-0.7932430574641283 3.130014612540297 1.2600344267186816 0.0403485166289024
-0.7900263889729464 3.130557420418384 1.2600344267186816 0.0403485166289024
-0.7851399167218992 3.131383488531247 1.2681732626416216 0.04745062164290035
-0.7802384781654297 3.1322136222028036 1.2681732626416216 0.04745062164290035
-0.7753221904769445 3.1330475618602507 1.2748521309952323 0.05047347090113691
-0.7703762904314522 3.133886757374004 1.2748521309952323 0.05047347090113691
-0.7653645849657984 3.134718084632208 1.2786721514968 0.048907701752764376
-0.7602979749363916 3.1355138172194343 1.2786721514968 0.048907701752764376
-0.7568898442970761 3.1360199686405585 1.2983285465681562 0.04329122926290946
-0.7500936952560854 3.136959224985073 1.2983285465681562 0.04329122926290946
-0.743221938603126 3.137813022074462 1.3101369832590508 0.05021625737490803
-0.7398365543062656 3.1381988315424385 1.3101369832590508 0.05021625737490803
-0.7329755400291628 3.138911293257524 1.3125139540547694 0.06416550628649068
-0.7278836977433043 3.1393796951658297 1.3125139540547694 0.06416550628649068
-0.7246146857860802 3.1396516729707304 1.3190017839604145 0.05476014614199819
-0.7184300217557149 3.140140100839756 1.3190017839604145 0.05476014614199819
-0.7152100278211222 3.1403645888105136 1.3340125534371272 0.06103851258647304
-0.7085609341830867 3.1407662137912116 1.3340125534371272 0.06103851258647304
-0.7035672641095294 3.14101360886148 1.35804397638814 0.06352662620430678
-0.6985629404786967 3.141213347053375 1.35804397638814 0.06352662620430678
-0.6952520544834521 3.1413184793084694 1.3702153968594968 0.06509600840346068
-0.6902210383578495 3.1414366648520726 1.3702153968594968 0.06509600840346068
-0.6851715287443779 3.141504539550937 1.3701168576368983 0.05571981057507332
-0.6783778093177196 3.141515151190755 1.3701168576368983 0.05571981057507332
-0.6750207072206322 3.141486037552821 1.3906163704121361 0.0450706691691193
-0.6681837098457468 3.141356080157722 1.3906163704121361 0.0450706691691193
-0.6630639455056571 3.1411963685621496 1.3883598862062099 0.05698164686439507
-0.657931734382822 3.14098221793967 1.3883598862062099 0.05698164686439507
-0.6527959354494769 3.1407135753695186 1.3975504749873051 0.05554634326540822
-0.6494080881470423 3.140507011955306 1.3975504749873051 0.05554634326540822
-0.6442832725304065 3.1401509323293237 1.405304280477962 0.0504964863460674
-0.6391789426672692 3.1397454617091465 1.405304280477962 0.0504964863460674
-0.6342358481123259 3.139312979948328 1.4122042171478337 0.04639477597936823
-0.6276691007499507 3.1386718837260266 1.4122042171478337 0.04639477597936823
-0.6226547460701768 3.1381301418330683 1.4449605370049599 0.05317315671279917
-0.6193337297561254 3.1377489420377214 1.4449605370049599 0.05317315671279917
-0.612599715168798 3.1369215614330987 1.4532844514142023 0.03847453328355947
-0.6092857268044614 3.136482574985583 1.4532844514142023 0.03847453328355947
-0.6025694820336447 3.1355293463245526 1.4702693547242212 0.04622404025169123
-0.5992916780219684 3.1350315420775714 1.4702693547242212 0.04622404025169123
-0.5927660471976758 3.1339642179995963 1.4770872885137039 0.04748857742176727
-0.5879329196549896 3.1331008741631683 1.4770872885137039 0.04748857742176727
-0.5829821357001439 3.13215183714645 1.461525654121046 0.04631015984401615
-0.5779966214121672 3.131142276283233 1.461525654121046 0.04631015984401615
-0.5730109118722804 3.130076433343402 1.476779999373406 0.037597495827026775
-0.5680265973946114 3.128953162401885 1.476779999373406 0.037597495827026775
-0.5647415344100506 3.1281812863134837 1.5016954302093877 0.03409615204461183
-0.5614125158138947 3.1273735190710648 1.5016954302093877 0.03409615204461183
-0.5548286121876076 3.125700638919715 1.5126834398131899 0.03996823278581227
-0.5482400371245144 3.123930546926668 1.5126834398131899 0.03996823278581227
-0.545057025949553 3.123042612968781 1.5267954364922622 0.05079479860381817
-0.5386333930372932 3.1211804605710336 1.5267954364922622 0.05079479860381817
-0.5354525868510837 3.1202257760817416 1.5244751525291558 0.05189475433642141
-0.5289997399867176 3.1182257714130293 1.5244751525291558 0.05189475433642141
-0.525826599362051 3.1172101062404254 1.5181794667135384 0.04000687083765045
-0.5193863443520257 3.1150827138834143 1.5181794667135384 0.04000687083765045
-0.5162145304471171 3.1140018537680483 1.534063449645873 0.0395027582789552
-0.5097762690585985 3.1117393764797145 1.534063449645873 0.0395027582789552
-0.5049765594155515 3.1099919565125056 1.546594064172357 0.03457143914899263
-0.5018122746298148 3.108811021925603 1.546594064172357 0.03457143914899263
-0.4953994278487749 3.106345592075335 1.5409381924339103 0.03551263165463657
-0.49224839568584994 3.1050979017718725 1.5409381924339103 0.03551263165463657
-0.4858719353250705 3.1024977654431733 1.548600174867053 0.03149320962247455
-0.48274699638930246 3.1011855373020367 1.548600174867053 0.03149320962247455
-0.4780914535858839 3.0991795678018526 1.5644763700587991 0.02313261497771866
-0.47383650622923934 3.097277903902532 1.5644763700587991 0.02313261497771866
-0.4683672741837444 3.094691486581659 1.582240290527978 0.021694650479870684
-0.46546951360564887 3.0932569527188356 1.582240290527978 0.021694650479870684
-0.45961014517915977 3.09028441972083 1.5994316425583062 0.02134860620665039
-0.4567085096192386 3.0887769911870793 1.5994316425583062 0.02134860620665039
-0.4523053906160136 3.086444552250112 1.6082065056355537 0.017781639029356002
-0.4464155111233214 3.0832432617624232 1.6082065056355537 0.017781639029356002
-0.443524133535616 3.0816353962779246 1.6091623593369504 -0.0024666472593176635
-0.4391515163229095 3.079157582788223 1.6091623593369504 -0.0024666472593176635
-0.43478818504488054 3.0766283686103626 1.6249670952161557 -0.0013473812589913032
-0.4289590111977846 3.0731589003975976 1.6249670952161557 -0.0013473812589913032
-0.4260960703595367 3.0714161264261097 1.6400392523259597 0.000678792523841278
-0.4217692925777445 3.0687326913904105 1.6400392523259597 0.000678792523841278
-0.41599348203130593 3.0650554328197335 1.6479712173094363 -0.0005325000890257451
-0.4131584680411699 3.0632097188669243 1.6479712173094363 -0.0005325000890257451
-0.40742350388186643 3.0593916769995615 1.6565023758812463 -0.02054299133886625
-0.4046103407463476 3.0574765364886374 1.6565023758812463 -0.02054299133886625
-0.4003693102423652 3.0545353248184557 1.6718231210627268 -0.040528499430373864
-0.3947377362909893 3.0505291851959466 1.6718231210627268 -0.040528499430373864
-0.39058327858467834 3.0474999647877374 1.6698606286335762 -0.03410012754050211
-0.3878727958974082 3.0454899296274074 1.6698606286335762 -0.03410012754050211
-0.38520333598283785 3.0434882973925252 1.6801619200963085 -0.04016208832386901
-0.3799729056174427 3.0395094130605487 1.6801619200963085 -0.04016208832386901
-0.3760547518912882 3.036508016206467 1.6875675239814198 -0.06082523380637973
-0.37113334232269424 3.032727924028878 1.6875675239814198 -0.06082523380637973
-0.3688062825961988 3.030923613187734 1.6934114321342142 -0.07004022853985038
-0.36504701904061104 3.0279830315724094 1.6934114321342142 -0.07004022853985038
-0.361168293566142 3.0249461610003436 1.6943798221527873 -0.07572271670266936
-0.35596092910824634 3.0208687773203815 1.6943798221527873 -0.07572271670266936
-0.3533889299793253 3.0188545973270453 1.704434557523946 -0.08817713128413115
-0.34815105499888355 3.014751541674026 1.704434557523946 -0.08817713128413115
-0.34556367259641385 3.0127239513675304 1.7067523627000285 -0.07525814669706497
-0.3402956589362693 3.0085936068555594 1.7067523627000285 -0.07525814669706497
-0.3363515136078355 3.005499007697964 1.717324649668981 -0.0730474210918834
-0.3323964383350795 3.0023935287326062 1.717324649668981 -0.0730474210918834
-0.32843035454389385 2.9992766888411495 1.7133879213120025 -0.07197208278337101
-0.32445616701732166 2.9961501397821255 1.7133879213120025 -0.07197208278337101
-0.3204792939255388 2.993018396643359 1.7229493986555025 -0.07857629450537848
-0.31785483847632334 2.9909505251706374 1.7229493986555025 -0.07857629450537848
-0.3125329733943128 2.986756281435755 1.729354509869116 -0.08575608788961198
-0.3099187031626428 2.9846965499981724 1.729354509869116 -0.08575608788961198
-0.3047256154233539 2.9806120396471725 1.747699748406125 -0.08981680969212097
-0.30228850640557137 2.978706720563942 1.747699748406125 -0.08981680969212097
-0.2971615585217502 2.9746951405763467 1.7572568743579322 -0.08378700429285682
-0.2945718874559547 2.9726389919843843 1.7572568743579322 -0.08378700429285682
-0.2896122934928207 2.968621633437936 1.7648540122118719 -0.08999299637902193
-0.28732654028283394 2.966714028920447 1.7648540122118719 -0.08999299637902193
-0.28247377452117933 2.9625265827945437 1.7737343548338025 -0.10281222127539393
-0.27998718707183906 2.9603309925010706 1.7737343548338025 -0.10281222127539393
-0.27497124674903034 2.9558114860231637 1.7611269050311025 -0.10196383029193579
-0.27251697978309264 2.9535539950540564 1.7611269050311025 -0.10196383029193579
-0.26881786055855045 2.95009218837215 1.7906597266494788 -0.1111006443432245
-0.2638995092922829 2.9453750395827845 1.7906597266494788 -0.1111006443432245
-0.26149402023203605 2.9430187131720276 1.7889502053903208 -0.11588575531954955
-0.25664665668842496 2.938168040587927 1.7889502053903208 -0.11588575531954955
-0.25428006451509316 2.9357482929250676 1.7993993937295063 -0.12108071741925705
-0.2495265198837896 2.9307831167024943 1.7993993937295063 -0.12108071741925705
-0.24721322232240844 2.9283154193466534 1.811578331257527 -0.13387211267386442
-0.2437474099031735 2.9245546778705576 1.811578331257527 -0.13387211267386442
-0.24035888664267074 2.920809015817141 1.8197798969864403 -0.1490736328286184
-0.2371957746787541 2.917258451728425 1.8197798969864403 -0.1490736328286184
-0.23395900366935224 2.91356983607681 1.8359640299876474 -0.15561076854124758
-0.23066306798606628 2.909747922873578 1.8359640299876474 -0.15561076854124758
-0.22739044100073838 2.905887180607924 1.8339297812176154 -0.16606516952565015
-0.22305179172750947 2.900658425077868 1.8339297812176154 -0.16606516952565015
-0.22093462648816203 2.898059039158964 1.8424987390663308 -0.16062402400790815
-0.21667968407342647 2.892734824065539 1.8424987390663308 -0.16062402400790815
-0.2146068229783206 2.8900902642212545 1.8513029469339584 -0.17351357434230957
-0.2104505837023295 2.8846812128017807 1.8513029469339584 -0.17351357434230957
-0.20742904597595974 2.8806548007654103 1.845739703754952 -0.18078319028811438
-0.20556173302786612 2.8781114021083867 1.845739703754952 -0.18078319028811438
-0.20185021643221412 2.8728823746611774 1.8678205406147328 -0.18652633048441447
-0.19998385547726086 2.8701784445813026 1.8678205406147328 -0.18652633048441447
-0.19618890461363003 2.8646258975012495 1.8684163873074269 -0.19932112242607847
-0.1943254466678526 2.861892562268054 1.8684163873074269 -0.19932112242607847
-0.19150574632080747 2.8577506245925544 1.8742209570280004 -0.2183803736589784
-0.1886924093507318 2.853611852627699 1.8742209570280004 -0.2183803736589784
-0.1849444023390231 2.8480914465700624 1.8707725690776902 -0.21865680790544673
-0.1831568011207804 2.8454647543219354 1.8707725690776902 -0.21865680790544673
-0.17968913865601216 2.8404072493242367 1.8734519388298054 -0.2286427040654681
-0.17785575515383353 2.837749797821172 1.8734519388298054 -0.2286427040654681
-0.17408255355990224 2.8322498794747384 1.8708577397647677 -0.23982110531105097
-0.1722185790507066 2.829493946331886 1.8708577397647677 -0.23982110531105097
-0.16942049988998403 2.8252883900474672 1.884949892412036 -0.25057863547955683
-0.1657187535686087 2.819591908850838 1.884949892412036 -0.25057863547955683
-0.16391617329060798 2.8167603718023004 1.8901675262884898 -0.2586992821451339
-0.1612123449833577 2.812438729872487 1.8901675262884898 -0.2586992821451339
-0.15854315192687943 2.80808063047983 1.8869716256640294 -0.25971201148695017
-0.15591046181214943 2.803687281497053 1.8869716256640294 -0.25971201148695017
-0.15331669111325189 2.799260780358996 1.8918669789921192 -0.26984814519461003
-0.15076406925335567 2.7948029137432044 1.8918669789921192 -0.26984814519461003
-0.148255228556823 2.7903157451174025 1.9015698630846583 -0.293408292179405
-0.14498958312901294 2.7843039451990133 1.9015698630846583 -0.293408292179405
-0.14348370179753694 2.781450646128979 1.9074565795355252 -0.31307597953302885
-0.14049502836301087 2.775581768820764 1.9074565795355252 -0.31307597953302885
-0.13901337070895498 2.772582418492816 1.9219267800346977 -0.32875569493622125
-0.13753743731098803 2.769539964228657 1.9219267800346977 -0.32875569493622125
-0.13483289394996928 2.7638525649303647 1.9245577951060748 -0.319004073778474
-0.13209673120754328 2.757949693822292 1.9245577951060748 -0.319004073778474
-0.13073708337584958 2.754946516470387 1.9133267376853063 -0.323662101903186
-0.12870856798708863 2.750372784815153 1.9133267376853063 -0.323662101903186
-0.12605019230404732 2.744192737902905 1.9192235271640812 -0.3383213608936903
-0.12476599927286183 2.7411258462731536 1.9192235271640812 -0.3383213608936903
-0.12285267663450018 2.7364505405610204 1.9163496508961098 -0.353838617412878
-0.1209793211248146 2.7317414019844417 1.9163496508961098 -0.353838617412878
-0.11853328876454626 2.7253788578666858 1.9064490086459391 -0.3704124888624556
-0.11735614410271637 2.722223246346783 1.9064490086459391 -0.3704124888624556
-0.11560800200760102 2.717414723837693 1.904080231002499 -0.3732965642331568
-0.11333365567296814 2.710919922359467 1.904080231002499 -0.3732965642331568
-0.11224271307956539 2.70769946370798 1.9269431232238499 -0.3744057481515495
-0.11009137848464864 2.70112586510389 1.9269431232238499 -0.3744057481515495
-0.10854445176760807 2.696200602247438 1.9360240678559546 -0.3740956305026351
-0.10705025986253391 2.6912709146221747 1.9360240678559546 -0.3740956305026351
-0.10561191310541891 2.686351738960115 1.9424914419074053 -0.3961059739843091
-0.10427270922824804 2.681619911333554 1.9424914419074053 -0.3961059739843091
-0.10345485595829522 2.6786779557789187 1.94946751913533 -0.40231714765213555
-0.10173899912974872 2.6723337590311864 1.94946751913533 -0.40231714765213555
-0.10090506327376732 2.6691375559108357 1.959084344480422 -0.4026474301177897
-0.09930260739522703 2.6627473188163413 1.959084344480422 -0.4026474301177897
-0.09853838388429528 2.659549043012639 1.9456722936293587 -0.4321793183167699
-0.09703693800572077 2.6529916159457043 1.9456722936293587 -0.4321793183167699
-0.09632734471585767 2.649747288149691 1.9534109914598412 -0.4346647186179002
-0.09495208490791487 2.6431627580178896 1.9534109914598412 -0.4346647186179002
-0.09429820310637113 2.639935890950209 1.9540916901857797 -0.44976104299860287
-0.0933132030890687 2.635055349262733 1.9540916901857797 -0.44976104299860287
-0.09199110885498436 2.6284913920523496 1.9543089635182072 -0.44692601689814065
-0.0913392349826122 2.625248269941741 1.9543089635182072 -0.44692601689814065
-0.0900147870935408 2.618642785593161 1.944442686839142 -0.4507051342586427
-0.08936238289639954 2.6153797048466183 1.944442686839142 -0.4507051342586427
-0.08803988681530953 2.6087443395028322 1.9452952792555847 -0.45327697521324967
-0.08738978927204029 2.605474486797542 1.9452952792555847 -0.45327697521324967
-0.08640651245463227 2.600522364623123 1.948281661257017 -0.46018969742089016
-0.08542504921418194 2.595578157608003 1.948281661257017 -0.46018969742089016
-0.08412292854885592 2.5890377833457054 1.9502929717762083 -0.4686281630984251
-0.08352167536561092 2.5860577897559844 1.9502929717762083 -0.4686281630984251
-0.08227500073520011 2.580058990951726 1.9572131462470845 -0.48889398978124765
-0.08159849123357263 2.5768563762041286 1.9572131462470845 -0.48889398978124765
-0.08021713701680616 2.5703499932372247 1.964379849842548 -0.5019022973586476
-0.07918220583251072 2.5655096122597443 1.964379849842548 -0.5019022973586476
-0.0785070976084068 2.5623629980191778 1.9590376728646182 -0.5170474973680615
-0.07748798908206254 2.557587494993621 1.9590376728646182 -0.5170474973680615
-0.0764584389609073 2.5527577208885885 1.961286570758042 -0.5374109689833996
-0.07542730149164242 2.547922493762259 1.961286570758042 -0.5374109689833996
-0.07439511827260978 2.5430793014479254 1.9467200254272403 -0.5423389338535441
-0.07336093226143041 2.538222220863913 1.9467200254272403 -0.5423389338535441
-0.07232476872244503 2.533349308107232 1.9403174308635835 -0.5440251551026183
-0.07128705514306978 2.528460911155121 1.9403174308635835 -0.5440251551026183
-0.07024813223704732 2.523557031742832 1.9730014564328007 -0.5581665814405491
-0.06885462798876507 2.516961220964573 1.9730014564328007 -0.5581665814405491
-0.06816827623635138 2.5137034980573025 1.9707650692856415 -0.5615376059655518
-0.06677703354286728 2.50708077866806 1.9707650692856415 -0.5615376059655518
-0.06609308096574883 2.503817920467742 1.9733064057588816 -0.5649769442279536
-0.06470724085383185 2.49719961709255 1.9733064057588816 -0.5649769442279536
-0.06402573104331989 2.4939458120703275 1.9734473162425759 -0.5992177033245609
-0.06266773558056035 2.4874908241934985 1.9734473162425759 -0.5992177033245609
-0.06204328477019231 2.4845712544778324 1.978699785882824 -0.6169557388269704
-0.06070436266810166 2.4784808280874606 1.978699785882824 -0.6169557388269704
-0.059991498552585 2.4752749090432644 1.9720462895026891 -0.6084852407723691
-0.05891025182861695 2.4704315441757303 1.9720462895026891 -0.6084852407723691
-0.05745790007825238 2.4639687346514796 1.977668328048497 -0.6211093929228164
-0.056759022359016614 2.4608628376828374 1.977668328048497 -0.6211093929228164
-0.055684942558973584 2.4560667737781245 1.9792620412299982 -0.631746128641308
-0.05460539803170542 2.4512466966903257 1.9792620412299982 -0.631746128641308
-0.053156865808194974 2.4447785399162596 1.9834615141248457 -0.6477906263801565
-0.0524424956726253 2.441586146024353 1.9834615141248457 -0.6477906263801565
-0.05098886349789876 2.435083556435753 1.982415785423903 -0.6578336779139996
-0.04990179624662689 2.430212640401975 1.982415785423903 -0.6578336779139996
-0.049183482413196845 2.426989391216775 1.9808097393488118 -0.6632130047346626
-0.048094072155039566 2.422092797310115 1.9808097393488118 -0.6632130047346626
-0.04700366139154879 2.417180453471878 1.9818381890179295 -0.6731149515608587
-0.0459132978638664 2.4122549571109735 1.9818381890179295 -0.6731149515608587
-0.04482448989977755 2.4073230480446135 1.9861422961968396 -0.6884108219801683
-0.04373764749868244 2.4023903061446945 1.9861422961968396 -0.6884108219801683
-0.04265295234963766 2.3974622298162536 1.9819603079619144 -0.6899394190902193
-0.041569984695405585 2.3925443956784873 1.9819603079619144 -0.6899394190902193
-0.04050642976790424 2.387734511775241 1.9959012638599976 -0.6975926438231452
-0.039511314016332476 2.383313515702262 1.9959012638599976 -0.6975926438231452
-0.03846132451506958 2.378768006833817 1.9977218397203609 -0.6874810997978296
-0.03733203603475873 2.373923428435992 1.9977218397203609 -0.6874810997978296
-0.03581610500912531 2.367456521775413 1.998837961829784 -0.6977928586454775
-0.035068370769078636 2.3642846444254153 1.998837961829784 -0.6977928586454775
-0.03357851198501859 2.3579485924278885 2.0029530846516543 -0.703569901630039
-0.03283510250812601 2.354777424238873 2.0029530846516543 -0.703569901630039
-0.03132342323974585 2.348330666882365 2.0030452930279314 -0.7259006107850919
-0.03057800992987531 2.3451510810693743 2.0030452930279314 -0.7259006107850919
-0.029062084005961098 2.3386791913138785 2.0121385476775107 -0.7430322956101474
-0.028313778933680256 2.335481177940046 2.0121385476775107 -0.7430322956101474
-0.02679181923532731 2.3289674993251 1.9966994773138589 -0.7637664359407272
-0.026041092917219556 2.3257491048054177 1.9966994773138589 -0.7637664359407272
-0.024515101762553962 2.3191938835506756 2.0112895397743396 -0.7745894123598971
-0.023762838596460008 2.3159549373880903 2.0112895397743396 -0.7745894123598971
-0.02223652272815964 2.3093652184062687 2.011556770013887 -0.7857358278236027
-0.021485860466275316 2.3061166276969502 2.011556770013887 -0.7857358278236027
-0.019964570144771588 2.29952302192834 2.015515844768228 -0.7990757384145516
-0.018831615478940304 2.294610873400702 2.015515844768228 -0.7990757384145516
-0.017704690635715142 2.2897311255250523 2.0127019888614086 -0.8115396977876366
-0.016990622899378114 2.286664061193507 2.0127019888614086 -0.8115396977876366
-0.015586254890051025 2.2807671876119686 2.017778605675473 -0.8152318210624577
-0.01482928264874342 2.277651630994722 2.017778605675473 -0.8152318210624577
-0.01325080133828322 2.2711873841575034 2.022126629517927 -0.8288473421347328
-0.012471820615562852 2.2680125016231556 2.022126629517927 -0.8288473421347328
-0.011294601880162718 2.2632361604265436 2.0182046390623016 -0.8437468291296596
-0.009742059534493733 2.25690814517562 2.0182046390623016 -0.8437468291296596
-0.008966790044598787 2.2537427232565928 2.0237850839587175 -0.853410336875054
-0.00739084910845356 2.2473099683686755 2.0237850839587175 -0.853410336875054
-0.00661379413780803 2.2441366773567117 2.0286752034955082 -0.8649239229419172
-0.005434399393791239 2.2393175354069323 2.0286752034955082 -0.8649239229419172
-0.0038500167646180273 2.2328351684681373 2.0269708708671104 -0.8779618666924619
-0.002665223727704169 2.227979549997675 2.0269708708671104 -0.8779618666924619
-0.0018823162298289024 2.224766407638356 2.034726709581635 -0.8882981586379717
-0.0006948742828822583 2.2198850432230226 2.034726709581635 -0.8882981586379717
0.0004936083976731377 2.214988395748783 2.015026938669961 -0.8866070028781415
0.00208493160882991 2.2084120932864915 2.015026938669961 -0.8866070028781415
0.002867567016556994 2.205170932598775 2.0153882940772676 -0.8936259550900528
0.004453650996639579 2.1985940981755365 2.0153882940772676 -0.8936259550900528
0.0052336021197439825 2.1953599369987584 2.0451393329702547 -0.9145399660886212
0.00680444264953803 2.1888587626101534 2.0451393329702547 -0.9145399660886212
0.007532165074633738 2.185877818239228 2.047571489189073 -0.9158225234768926
0.009015549039500829 2.179944639946279 2.047571489189073 -0.9158225234768926
0.010235420544433412 2.1751400993825585 2.048261563326415 -0.9185489691954439
0.011044211739839866 2.171965879100881 2.048261563326415 -0.9185489691954439
0.012271571114453534 2.1671686240087396 2.0408177705951798 -0.9290024839184564
0.013483845284968087 2.162446713756843 2.0408177705951798 -0.9290024839184564
0.014286277760258972 2.1593070055791754 2.046113539515283 -0.9249587558661433
0.01591020881275383 2.152942217715985 2.046113539515283 -0.9249587558661433
0.01754840941393007 2.1465230983508508 2.0446744269000665 -0.9365666959077094
0.01835625257568001 2.143355755221065 2.0446744269000665 -0.9365666959077094
0.020000300920053428 2.136904800948895 2.039431771247025 -0.9522527895855799
0.02081176939716566 2.133717146246842 2.039431771247025 -0.9522527895855799
0.022462151718995148 2.127224674504553 2.057156080726202 -0.9417618704817081
0.02327624318725705 2.1240167291201044 2.057156080726202 -0.9417618704817081
0.02493112799012673 2.1174826215869085 2.061752932556076 -0.9556867647046938
0.025746710740032656 2.1142549998177613 2.061752932556076 -0.9556867647046938
0.027400883423456958 2.1076925061908427 2.055569060140815 -0.9745277851245091
0.02821442979992884 2.1044589374672293 2.055569060140815 -0.9745277851245091
0.02986320794478003 2.0978992441760806 2.056411245537923 -0.9771392448988381
0.030674057805087366 2.0946739808322863 2.056411245537923 -0.9771392448988381
0.03229493996292955 2.0882465219795097 2.065449001413519 -0.9765207618324604
0.03342059405204699 2.083858744977422 2.065449001413519 -0.9765207618324604
0.034608736555531844 2.07933058662939 2.064107826290396 -1.006254758050497
0.03588028800531107 2.074522215289731 2.064107826290396 -1.006254758050497
0.03671975546242742 2.0713584166891628 2.0646065679360035 -1.0156700332022732
0.03842316669873985 2.064969678460176 2.0646065679360035 -1.0156700332022732
0.039661500887990114 2.060318353729923 2.0640078836722 -1.025780781388588
0.04092714549582848 2.0555461548017173 2.0640078836722 -1.025780781388588
0.04176310775780378 2.052395424472226 2.0623218655707922 -1.0443159334604994
0.0434624618851575 2.0459902394306106 2.0623218655707922 -1.0443159334604994
0.04430071648273964 2.0428286662629547 2.0654883846095715 -1.0564840146465737
0.04600677685451187 2.0363886429015245 2.0654883846095715 -1.0564840146465737
0.04684881543033335 2.033206470805382 2.077552635710164 -1.0647473574591906
0.04856136165129344 2.0267251799255797 2.077552635710164 -1.0647473574591906
0.049841605646465816 2.0218703086849326 2.081176474435603 -1.069388453650349
0.05112337082093407 2.016999876495111 2.081176474435603 -1.069388453650349
0.052405111626999984 2.0121178194847786 2.078383927329918 -1.0815351055456746
0.053250297704363236 2.0088926005214294 2.078383927329918 -1.0815351055456746
0.05496366524690428 2.002344152692541 2.0699202679597617 -1.086830720844197
0.05580603524230544 1.999121912008739 2.0699202679597617 -1.086830720844197
0.05708076435848338 1.9942478038983402 2.075285138396239 -1.0942892577992445
0.05874192852474134 1.9879272346902148 2.075285138396239 -1.0942892577992445
0.05950749007176109 1.9850589879775151 2.096847089405429 -1.1144714131482707
0.06117136070585441 1.9789577009363004 2.096847089405429 -1.1144714131482707
0.06204000684613859 1.9757954906157915 2.0773147647301 -1.1170670774857048
0.06380592647849852 1.9693941085130628 2.0773147647301 -1.1170670774857048
0.0651124636422627 1.9646809174768383 2.0927266614045865 -1.120314708607759
0.06640076965732224 1.9600094613202275 2.0927266614045865 -1.120314708607759
0.067265371974508 1.9568700436892916 2.092704084905388 -1.137362977508154
0.06857706955037733 1.952108190522942 2.092704084905388 -1.137362977508154
0.06989039148571687 1.9473400581495017 2.09642750092726 -1.146469709525887
0.07165393363709958 1.9409322429952582 2.09642750092726 -1.146469709525887
0.07252463975194899 1.9377658293411912 2.096963608128757 -1.1559564493226153
0.07429596786607767 1.9313164821879893 2.096963608128757 -1.1559564493226153
0.07562052189992512 1.9264856390323024 2.0975075133731322 -1.15910615758781
0.07694703411520312 1.9216392660737631 2.0975075133731322 -1.15910615758781
0.07827502454860666 1.9167777003171138 2.0949513724256885 -1.1715645232766425
0.07915139348100973 1.9135631061609784 2.0949513724256885 -1.1715645232766425
0.08047803381119441 1.9086884528793926 2.099750313515037 -1.1838854853496361
0.08180273271606023 1.9038135831091985 2.099750313515037 -1.1838854853496361
0.08357434118104035 1.897290489485712 2.1007245380332433 -1.187187797985964
0.08444499393428238 1.8940868293565416 2.1007245380332433 -1.187187797985964
0.0861400455747441 1.8878906196879157 2.1038987457782583 -1.195391711119157
0.08693521637895085 1.885037181154743 2.1038987457782583 -1.195391711119157
0.08822704562741154 1.8804765737524631 2.115031713196851 -1.2030117077113378
0.09005179491453866 1.8740769959604093 2.115031713196851 -1.2030117077113378
0.09095134635604349 1.8709352226007991 2.1188208196183953 -1.2149323122037723
0.0923047815605137 1.866225130349314 2.1188208196183953 -1.2149323122037723
0.09363034284327092 1.861589592487043 2.1048476568965295 -1.223425919132852
0.09544602243839732 1.8552273638198173 2.1048476568965295 -1.223425919132852
0.09634115886242607 1.852091473486011 2.106502856198269 -1.2327095473940712
0.09816092603364505 1.8457137001460753 2.106502856198269 -1.2327095473940712
0.0990592179628988 1.8425633901442837 2.11755163761658 -1.2397201377059823
0.10088723095715528 1.8361464355976505 2.11755163761658 -1.2397201377059823
0.10178940040154474 1.8329757546701602 2.1118150470377426 -1.2493670778708041
0.10362423460401847 1.8265178280692809 2.1118150470377426 -1.2493670778708041
0.10452935262563717 1.8233268180091031 2.118893181133642 -1.258183100389106
0.10636900550006456 1.8168281882205257 2.118893181133642 -1.258183100389106
0.10774132465824621 1.8119676439526702 2.130039963368653 -1.2646622594180013
0.10864619123321265 1.808757989544228 2.130039963368653 -1.2646622594180013
0.11048043333610749 1.802244283556346 2.1278155192969934 -1.2731588690820175
0.11138242106962085 1.7990409257467568 2.1278155192969934 -1.2731588690820175
0.11274463173404727 1.7942050566140508 2.1304317883359265 -1.2905779068135672
0.11404908320308912 1.7896081471589527 2.1304317883359265 -1.2905779068135672
0.11530054595564371 1.785278553780366 2.1356255651653004 -1.3049159295705635
0.11666271600270599 1.7806437080648267 2.1356255651653004 -1.3049159295705635
0.11854708138211582 1.7742662779110894 2.1310775511430093 -1.315513013500216
0.11947587857163812 1.7711368842750692 2.1310775511430093 -1.315513013500216
0.12131980812344918 1.7649273873157338 2.141011832205898 -1.3028247281723602
0.12223570064126604 1.7618257304115736 2.141011832205898 -1.3028247281723602
0.12410874439901878 1.75548186722448 2.134751706525452 -1.3061442153988583
0.12550887317118853 1.7507404178256154 2.134751706525452 -1.3061442153988583
0.1269112071882208 1.7459887400935423 2.159253451398407 -1.3414004065347944
0.12831708905020975 1.741221629269912 2.159253451398407 -1.3414004065347944
0.12924670064594046 1.7380668893232796 2.1555519218391677 -1.3481780495133875
0.13065751544208618 1.7332743471871677 2.1555519218391677 -1.3481780495133875
0.13207082918640042 1.7284665486164363 2.1551209407858147 -1.3563946297921095
0.13396810559427913 1.7219997197513925 2.1551209407858147 -1.3563946297921095
0.1349035449551885 1.7188050070706395 2.1597464573435152 -1.363042687836907
0.13585291430221705 1.7155578147791293 2.1597464573435152 -1.363042687836907
0.137735506043001 1.709106998403876 2.1586771077353646 -1.3707270840975223
0.13962838019214438 1.702611684538776 2.1586771077353646 -1.3707270840975223
0.1405593042041583 1.699417814262574 2.1605078857579563 -1.3799767251494934
0.1424255746612739 1.6930292801320463 2.1605078857579563 -1.3799767251494934
0.14328213182219615 1.6901272876881368 2.156336848668112 -1.3874483984043686
0.14506212404288107 1.6842201901426104 2.156336848668112 -1.3874483984043686
0.14651050045842404 1.6794659851161764 2.1559718007924746 -1.4030922344019718
0.14746692829060395 1.676336029846506 2.1559718007924746 -1.4030922344019718
0.14940256148363493 1.6700278968391398 2.1615411884258435 -1.4184379086136871
0.15032527164750467 1.66701625496165 2.1615411884258435 -1.4184379086136871
0.15187171437694344 1.6619528567112904 2.1629210208691405 -1.4304317295183997
0.1521010133799791 1.661237634041162 2.1629210208691405 -1.4304317295183997
0.1521328159892065 1.661143952514453 2.161027204715127 -1.4321411645779998
0.15211944744363515 1.6611875796481947 2.161027204715127 -1.4321411645779998
0.15210203987017826 1.6612455719763397 2.154651289717926 -1.4291089837612962
0.15209344507153336 1.6612741691502901 2.154651289717926 -1.4291089837612962
0.15208038530366522 1.6613175642801985 2.1734789045481104 -1.4293995371899537
0.15206281938028554 1.6613758441850075 2.1734789045481104 -1.4293995371899537
0.15205413784459185 1.661404606249359 2.177679370423136 -1.4312295760238551
0.15203646252321654 1.6614630876262682 2.177679370423136 -1.4312295760238551
0.15202772722255303 1.6614919458457105 2.1788193299309233 -1.4303692836568744
0.15200992850354747 1.661550661280784 2.1788193299309233 -1.4303692836568744
0.15200113210834723 1.661579640568925 2.1686635964895853 -1.431799101953891
0.15198321412862753 1.661638577491997 2.1686635964895853 -1.431799101953891
0.15197436502803974 1.6616676440205362 2.170019214884788 -1.4292356968174509
0.15195633186157328 1.6617267756481537 2.170019214884788 -1.4292356968174509
0.15194282558662706 1.6617709767520634 2.163091588862647 -1.4290269618297011
0.151929264795361 1.6618152903654848 2.163091588862647 -1.4290269618297011
0.151929264795361 1.6618152903654848 2.163091588862647 -1.4290269618297011
0.151929264795361 1.6618152903654848 2.163091588862647 -1.4290269618297011
0.151929264795361 1.6618152903654848 2.163091588862647 -1.4290269618297011
0.151929264795361 1.6618152903654848 2.163091588862647 -1.4290269618297011
0.151929264795361 1.6618152903654848 2.163091588862647 -1.4290269618297011
0.151929264795361 1.6618152903654848 2.163091588862647 -1.4290269618297011
0.151929264795361 1.6618152903654848 2.163091588862647 -1.4290269618297011
0.151929264795361 1.6618152903654848 2.163091588862647 -1.4290269618297011
0.151929264795361 1.6618152903654848 2.163091588862647 -1.4290269618297011
0.151929264795361 1.6618152903654848 2.163091588862647 -1.4290269618297011
0.151929264795361 1.6618152903654848 2.163091588862647 -1.4290269618297011
0.151929264795361 1.6618152903654848 2.163091588862647 -1.4290269618297011
0.151929264795361 1.6618152903654848 2.163091588862647 -1.4290269618297011
0.151929264795361 1.6618152903654848 2.163091588862647 -1.4290269618297011
0.151929264795361 1.6618152903654848 2.163091588862647 -1.4290269618297011
0.151929264795361 1.6618152903654848 2.163091588862647 -1.4290269618297011
0.151929264795361 1.6618152903654848 2.163091588862647 -1.4290269618297011
0.151929264795361 1.6618152903654848 2.163091588862647 -1.4290269618297011
0.151929264795361 1.6618152903654848 2.163091588862647 -1.4290269618297011
0.151929264795361 1.6618152903654848 2.163091588862647 -1.4290269618297011
0.151929264795361 1.6618152903654848 2.163091588862647 -1.4290269618297011
0.151929264795361 1.6618152903654848 2.163091588862647 -1.4290269618297011
0.151929264795361 1.6618152903654848 2.163091588862647 -1.4290269618297011
0.151929264795361 1.6618152903654848 2.163091588862647 -1.4290269618297011
0.151929264795361 1.6618152903654848 2.163091588862647 -1.4290269618297011
