228570000000.000000 0.988361 -0.204947 0.008842
229537000000.000000 0.988361 -0.204947 0.008842
230503000000.000000 0.992171 -0.205335 -0.000075
231537000000.000000 1.011819 -0.205140 0.000088
232537000000.000000 1.032400 -0.204949 0.000260
233537000000.000000 1.049784 -0.204769 0.000406
234536000000.000000 1.083292 -0.204327 0.000682
235537000000.000000 1.132460 -0.203655 0.000118
236503000000.000000 1.181450 -0.202826 0.000513
237503000000.000000 1.231722 -0.201867 0.000909
238571000000.000000 1.331671 -0.200582 0.000736
239537000000.000000 1.381865 -0.199385 0.001120
240537000000.000000 1.388308 -0.221400 0.001282
241571000000.000000 1.438410 -0.219934 0.001652
242536000000.000000 1.487641 -0.218384 0.002013
243571000000.000000 1.519518 -0.193149 0.000077
244504000000.000000 1.568742 -0.191301 0.000423
245503000000.000000 1.618637 -0.189190 0.000761
246570000000.000000 1.706241 -0.187521 0.000454
247537000000.000000 1.755987 -0.185030 0.000773
248503000000.000000 1.784588 -0.159890 -0.001201
249536000000.000000 1.825867 -0.157483 -0.000952
250536000000.000000 1.886730 -0.153833 -0.000594
251537000000.000000 1.906202 -0.160195 -0.001050
252537000000.000000 1.955358 -0.156785 -0.000783
253537000000.000000 1.984826 -0.152742 -0.001678
254570000000.000000 2.034454 -0.150078 -0.001370
255536000000.000000 2.083921 -0.147819 -0.001042
256571000000.000000 2.123617 -0.145498 -0.001900
257536000000.000000 2.172506 -0.142814 -0.001598
258503000000.000000 2.222735 -0.140042 -0.001291
259536000000.000000 2.277808 -0.127302 -0.002397
260537000000.000000 2.331413 -0.123768 -0.002098
261503000000.000000 2.397991 -0.120564 -0.002605
262571000000.000000 2.449832 -0.116564 -0.002344
263536000000.000000 2.496503 -0.113504 -0.002079
264503000000.000000 2.567958 -0.127521 -0.001827
265504000000.000000 2.617127 -0.126372 -0.001447
266503000000.000000 2.628007 -0.119137 -0.002764
267571000000.000000 2.675552 -0.117827 -0.002406
268536000000.000000 2.727345 -0.116337 -0.002022
269537000000.000000 2.786569 -0.114891 -0.002563
270536000000.000000 2.836638 -0.113174 -0.002205
271537000000.000000 2.885881 -0.111321 -0.001860
272536000000.000000 2.925864 -0.109239 -0.002562
273536000000.000000 2.973458 -0.107166 -0.002242
274503000000.000000 3.005233 -0.104959 -0.003059
275537000000.000000 3.055076 -0.104656 -0.002633
276568000000.000000 3.104940 -0.104410 -0.002204
277503000000.000000 3.174155 -0.111846 -0.002233
278536000000.000000 3.223936 -0.111418 -0.001813
279535000000.000000 3.294362 -0.103288 -0.002645
280571000000.000000 3.344065 -0.102672 -0.002235
281570000000.000000 3.394017 -0.102048 -0.001824
282537000000.000000 3.412816 -0.129342 -0.001256
283503000000.000000 3.462797 -0.128537 -0.000855
284570000000.000000 3.493084 -0.098569 -0.003009
285503000000.000000 3.543062 -0.097567 -0.002618
286504000000.000000 3.592526 -0.096327 -0.002239
287537000000.000000 3.591017 -0.084729 -0.003858
288537000000.000000 3.642199 -0.083363 -0.003470
289537000000.000000 3.692406 -0.083162 -0.003038
290536000000.000000 3.711805 -0.092554 -0.003482
291504000000.000000 3.762051 -0.092220 -0.003055
292537000000.000000 3.721422 -0.090858 -0.004430
293536000000.000000 3.771668 -0.090329 -0.004013
294471000000.000000 3.820995 -0.089613 -0.003610
295536000000.000000 3.851202 -0.088733 -0.004337
296536000000.000000 3.900553 -0.087836 -0.003943
297537000000.000000 3.949010 -0.086918 -0.003561
298537000000.000000 4.019534 -0.097125 -0.003482
299503000000.000000 4.069575 -0.095948 -0.003098
300536000000.000000 4.069532 -0.082682 -0.004791
301570000000.000000 4.119902 -0.082266 -0.004366
302504000000.000000 4.169755 -0.084126 -0.003834
303503000000.000000 4.250098 -0.078699 -0.004390
304504000000.000000 4.299641 -0.084347 -0.003674
305527000000.000000 4.338112 -0.100408 -0.003469
306537000000.000000 4.387561 -0.106841 -0.002716
307535000000.000000 4.434192 -0.113396 -0.001981
308504000000.000000 4.431757 -0.118668 -0.002764
309537000000.000000 4.478159 -0.122653 -0.002157
310571000000.000000 4.498144 -0.126734 -0.002891
311536000000.000000 4.551809 -0.131689 -0.002171
312537000000.000000 4.601698 -0.136632 -0.001489
313571000000.000000 4.610325 -0.131427 -0.002545
314504000000.000000 4.660158 -0.137061 -0.001830
315503000000.000000 4.708457 -0.142826 -0.001118
316537000000.000000 4.678017 -0.158289 -0.001582
317503000000.000000 4.724026 -0.162559 -0.000964
318504000000.000000 4.784571 -0.200105 0.000327
319537000000.000000 4.833104 -0.200899 0.000797
320537000000.000000 4.883393 -0.201676 0.001278
321571000000.000000 4.943807 -0.167645 -0.000903
322536000000.000000 4.994036 -0.168686 -0.000409
323504000000.000000 4.973517 -0.159255 -0.002018
324504000000.000000 5.023669 -0.160576 -0.001511
325503000000.000000 5.073004 -0.162055 -0.001000
326536000000.000000 5.152976 -0.174037 -0.000651
327537000000.000000 5.202323 -0.175847 -0.000125
328537000000.000000 5.252287 -0.177870 0.000416
329570000000.000000 5.291766 -0.170011 -0.000734
330535000000.000000 5.341626 -0.172429 -0.000174
331570000000.000000 5.360987 -0.174747 -0.000917
332571000000.000000 5.410575 -0.177423 -0.000346
333536000000.000000 5.459439 -0.178312 0.000129
334503000000.000000 5.508804 -0.187364 0.000174
335535000000.000000 5.558395 -0.186372 0.000563
336570000000.000000 5.538095 -0.185887 -0.000570
337536000000.000000 5.587458 -0.186066 -0.000126
338571000000.000000 5.636981 -0.186127 0.000317
339503000000.000000 5.716894 -0.186493 -0.000064
340537000000.000000 5.765922 -0.186375 0.000365
341536000000.000000 5.816283 -0.186214 0.000802
342536000000.000000 5.874909 -0.186047 0.000335
343503000000.000000 5.925296 -0.185672 0.000760
344536000000.000000 5.943946 -0.184921 -0.000047
345536000000.000000 5.994298 -0.184314 0.000367
346537000000.000000 6.042995 -0.183603 0.000765
347537000000.000000 6.052402 -0.202007 0.000830
348536000000.000000 6.101188 -0.201071 0.001218
349537000000.000000 6.161319 -0.210090 0.001077
350536000000.000000 6.210203 -0.208910 0.001453
351536000000.000000 6.260333 -0.207509 0.001826
352570000000.000000 6.329292 -0.206302 0.001401
353504000000.000000 6.379322 -0.204592 0.001759
354537000000.000000 6.428384 -0.202855 0.002109
355537000000.000000 6.508319 -0.201149 0.001846
356536000000.000000 6.557481 -0.199201 0.002186
357571000000.000000 6.626245 -0.189008 0.001233
358504000000.000000 6.677358 -0.190772 0.001771
359571000000.000000 6.727180 -0.193053 0.002324
360537000000.000000 6.777478 -0.173674 0.000572
361571000000.000000 6.827194 -0.176393 0.001146
362537000000.000000 6.846856 -0.168991 0.000058
363537000000.000000 6.896299 -0.172195 0.000653
364571000000.000000 6.946084 -0.175532 0.001257
365535000000.000000 6.905047 -0.188420 0.000594
366504000000.000000 6.955106 -0.192336 0.001227
367536000000.000000 7.003693 -0.196609 0.001868
368537000000.000000 7.004972 -0.157499 -0.000980
369571000000.000000 7.052691 -0.160731 -0.000397
370504000000.000000 7.092581 -0.171801 -0.000664
371537000000.000000 7.141398 -0.171711 -0.000234
372537000000.000000 7.191763 -0.171533 0.000201
373536000000.000000 7.121108 -0.160159 -0.001972
374536000000.000000 7.171419 -0.159777 -0.001547
375470000000.000000 7.270692 -0.159830 -0.001477
376536000000.000000 7.320935 -0.159235 -0.001063
377503000000.000000 7.370231 -0.158560 -0.000658
378504000000.000000 7.438132 -0.227923 0.002398
379537000000.000000 7.487456 -0.227017 0.002790
380504000000.000000 7.537523 -0.225932 0.003180
381503000000.000000 7.537849 -0.198896 0.000693
382536000000.000000 7.587816 -0.197511 0.001067
383304000000.000000 7.657166 -0.196285 0.000673
384570000000.000000 7.707031 -0.194566 0.001030
385536000000.000000 7.746561 -0.193174 0.001311
386537000000.000000 7.696172 -0.189673 -0.000132
387503000000.000000 7.745538 -0.187532 0.000199
388503000000.000000 7.735309 -0.174530 -0.001454
389537000000.000000 7.784419 -0.172024 -0.001144
390536000000.000000 7.834460 -0.170505 -0.000774
391537000000.000000 7.874299 -0.181327 -0.001303
392535000000.000000 7.923852 -0.183032 -0.000779
393537000000.000000 7.973917 -0.184858 -0.000248
394536000000.000000 7.943301 -0.176212 -0.001955
395537000000.000000 7.993556 -0.178412 -0.001404
396537000000.000000 8.002431 -0.190505 -0.001567
397571000000.000000 8.052712 -0.193135 -0.000995
398504000000.000000 8.101532 -0.196002 -0.000420
399537000000.000000 8.141829 -0.199062 -0.000913
400570000000.000000 8.190495 -0.202395 -0.000317
401503000000.000000 8.280723 -0.206479 -0.000522
402537000000.000000 8.329271 -0.210337 0.000099
403537000000.000000 8.379390 -0.214574 0.000749
404571000000.000000 8.377854 -0.218577 0.000248
405536000000.000000 8.427850 -0.223476 0.000929
406504000000.000000 8.476182 -0.228562 0.001608
407503000000.000000 8.476142 -0.223780 0.000461
408536000000.000000 8.523877 -0.228948 0.001138
409504000000.000000 8.532139 -0.272470 0.002168
410503000000.000000 8.580863 -0.273880 0.002669
411537000000.000000 8.630328 -0.273034 0.003065
412503000000.000000 8.720685 -0.240282 0.001385
413536000000.000000 8.770416 -0.237558 0.001693
414537000000.000000 8.779674 -0.234468 0.000688
415536000000.000000 8.832598 -0.231093 0.000991
416504000000.000000 8.891599 -0.227196 0.001322
417537000000.000000 8.931469 -0.222588 0.000739
418537000000.000000 8.990057 -0.218005 0.001033
419537000000.000000 9.050004 -0.212939 0.000414
420570000000.000000 9.108413 -0.207543 0.000668
421571000000.000000 9.134056 -0.201951 -0.000451
422571000000.000000 9.197190 -0.196972 -0.000136
423537000000.000000 9.296452 -0.194724 -0.000747
424566000000.000000 9.356542 -0.191731 -0.000363
425536000000.000000 9.455464 -0.178954 -0.000857
426536000000.000000 9.515533 -0.175453 -0.000499
427537000000.000000 9.574335 -0.171555 -0.000168
428503000000.000000 9.652664 -0.176885 -0.000292
429537000000.000000 9.672601 -0.171011 -0.001453
430503000000.000000 9.741128 -0.165134 -0.001133
431536000000.000000 9.809969 -0.148903 -0.001904
432536000000.000000 9.879752 -0.142017 -0.001626
433537000000.000000 9.908084 -0.144339 -0.002100
434536000000.000000 9.976636 -0.136653 -0.001870
435536000000.000000 10.016371 -0.118113 -0.003229
436504000000.000000 10.084691 -0.109409 -0.003050
437537000000.000000 10.153652 -0.112290 -0.003485
438570000000.000000 10.223513 -0.108151 -0.003070
439536000000.000000 10.253486 -0.106534 -0.004462
440570000000.000000 10.304203 -0.061282 -0.007294
441503000000.000000 10.374267 -0.064516 -0.006516
442537000000.000000 10.382772 -0.105058 -0.005294
443570000000.000000 10.451898 -0.108983 -0.004488
444537000000.000000 10.451738 -0.122707 -0.004867
445536000000.000000 10.520952 -0.127586 -0.004016
446537000000.000000 10.620339 -0.083656 -0.006446
447537000000.000000 10.689673 -0.084951 -0.005771
448535000000.000000 10.718208 -0.121577 -0.004595
449571000000.000000 10.733732 -0.176193 -0.002322
450571000000.000000 10.805532 -0.172259 -0.001881
451537000000.000000 10.916675 -0.121836 -0.004471
452536000000.000000 10.986188 -0.121583 -0.003867
453504000000.000000 11.056071 -0.121281 -0.004461
454535000000.000000 11.126072 -0.120738 -0.003868
455536000000.000000 11.205490 -0.120173 -0.004345
456569000000.000000 11.275252 -0.119338 -0.003770
457502000000.000000 11.365299 -0.118544 -0.003840
458536000000.000000 11.444717 -0.107462 -0.004427
459537000000.000000 11.512068 -0.106153 -0.003897
460537000000.000000 11.562012 -0.114421 -0.003983
461570000000.000000 11.633499 -0.112561 -0.003440
462537000000.000000 11.706908 -0.068714 -0.006150
463570000000.000000 11.783923 -0.066286 -0.005589
464537000000.000000 11.831358 -0.149022 -0.002018
465537000000.000000 11.900610 -0.146344 -0.001537
466537000000.000000 11.962262 -0.057078 -0.006230
467537000000.000000 12.059043 -0.184784 0.000150
468503000000.000000 12.128084 -0.181263 0.000588
469537000000.000000 12.157030 -0.089195 -0.004695
470536000000.000000 12.225665 -0.084927 -0.004295
471570000000.000000 12.305320 -0.233824 0.002519
472537000000.000000 12.375343 -0.231714 0.003035
473566000000.000000 12.467717 -0.033365 -0.006981
474537000000.000000 12.537147 -0.036424 -0.006217
475536000000.000000 12.527314 -0.029233 -0.007527
476537000000.000000 12.626262 -0.042872 -0.006910
477571000000.000000 12.695679 -0.043741 -0.006252
478537000000.000000 12.775872 -0.034230 -0.007137
479570000000.000000 12.843297 -0.034426 -0.006530
480536000000.000000 12.915305 -0.034605 -0.007151
481571000000.000000 12.985333 -0.034636 -0.006531
482536000000.000000 13.064590 -0.082413 -0.004177
483571000000.000000 13.131727 -0.084673 -0.003471
484535000000.000000 13.204936 -0.039966 -0.005856
485534000000.000000 13.284340 -0.053090 -0.005512
486504000000.000000 13.353586 -0.056334 -0.004739
487536000000.000000 13.382619 -0.107992 -0.003178
488570000000.000000 13.452071 -0.112065 -0.002365
489536000000.000000 13.569806 -0.058024 -0.004937
490536000000.000000 13.641728 -0.062991 -0.004058
491536000000.000000 13.681274 -0.058170 -0.004533
492536000000.000000 13.750008 -0.063933 -0.003640
493570000000.000000 13.838073 -0.140097 0.000122
494537000000.000000 13.857563 -0.136792 -0.000913
495536000000.000000 13.925915 -0.144282 0.000061
496537000000.000000 14.063514 -0.223620 0.004206
497570000000.000000 14.132796 -0.232782 0.005265
498503000000.000000 14.191683 -0.181342 0.002636
499571000000.000000 14.259613 -0.191584 0.003741
500504000000.000000 14.258493 -0.210545 0.004163
501536000000.000000 14.326261 -0.217303 0.005096
502570000000.000000 14.415101 -0.211613 0.003894
503536000000.000000 14.526236 -0.151163 0.000442
504537000000.000000 14.595709 -0.151282 0.001064
505536000000.000000 14.645539 -0.151113 0.000483
506503000000.000000 14.715676 -0.150906 0.001092
507571000000.000000 14.765117 -0.150380 0.000694
508536000000.000000 14.834851 -0.149865 0.001285
509570000000.000000 14.922702 -0.149394 0.001348
510537000000.000000 14.994383 -0.148455 0.001938
511536000000.000000 15.035586 -0.083142 -0.001866
512537000000.000000 15.145651 -0.092255 -0.001725
513536000000.000000 15.214944 -0.090688 -0.001187
514504000000.000000 15.262964 -0.143648 0.000904
515536000000.000000 15.333101 -0.141586 0.001422
516569000000.000000 15.393848 -0.073837 -0.002114
517570000000.000000 15.463135 -0.071219 -0.001629
518536000000.000000 15.531792 -0.124031 0.000868
519536000000.000000 15.600866 -0.120663 0.001315
520503000000.000000 15.671375 -0.060878 -0.002081
521504000000.000000 15.739918 -0.113503 -0.000115
522570000000.000000 15.808883 -0.108924 0.000271
523570000000.000000 15.868958 -0.056864 -0.002137
524537000000.000000 15.938563 -0.051484 -0.001786
525536000000.000000 16.040229 -0.025590 -0.002989
526536000000.000000 16.118939 -0.018308 -0.002648
527536000000.000000 16.199203 0.037363 -0.005374
528504000000.000000 16.268493 0.045729 -0.006357
529504000000.000000 16.347534 0.054670 -0.006097
530536000000.000000 16.414544 0.005245 -0.004227
531571000000.000000 16.491684 -0.064174 -0.000491
532537000000.000000 16.570316 -0.053878 -0.000301
533536000000.000000 16.668661 -0.102805 0.002424
534570000000.000000 16.746630 -0.091247 0.002548
535535000000.000000 16.825925 0.063935 -0.005028
536537000000.000000 16.902204 0.083294 -0.003980
537504000000.000000 16.977896 0.107093 -0.004477
538504000000.000000 17.052432 0.195838 -0.005400
539536000000.000000 17.123453 0.166085 0.000466
540570000000.000000 17.193966 0.201395 -0.000641
541503000000.000000 17.262329 0.250677 0.001722
542535000000.000000 17.328257 0.292925 0.000235
543503000000.000000 17.384565 0.402665 0.000342
544504000000.000000 17.446552 0.513226 0.001501
545537000000.000000 17.517189 0.531887 0.005024
546537000000.000000 17.595224 0.607701 0.001998
547537000000.000000 17.677250 0.621469 0.006707
548536000000.000000 17.769681 0.687248 0.009567
549504000000.000000 17.815028 0.837690 0.007428
550537000000.000000 17.898773 0.872727 0.011251
551504000000.000000 17.947002 0.964924 0.012604
552504000000.000000 18.001167 1.059276 0.008457
553537000000.000000 18.049046 1.230792 0.006154
554537000000.000000 18.092153 1.374532 0.004905
555537000000.000000 18.111344 1.580175 0.000595
556537000000.000000 18.161128 1.597360 0.006093
557537000000.000000 18.167761 1.852320 -0.000464
558570000000.000000 18.196256 1.957363 -0.005362
559571000000.000000 18.220517 2.083778 -0.005825
560536000000.000000 18.249886 2.171006 -0.003732
561537000000.000000 18.269154 2.193396 0.001726
562571000000.000000 18.256029 2.509528 -0.008494
563537000000.000000 18.242273 2.635055 -0.008313
564469000000.000000 18.244163 2.729910 -0.012947