228570000000.000000 0.133883 -0.275857 0.004168
229537000000.000000 0.133883 -0.275857 0.004168
230503000000.000000 1.073375 -0.254376 0.002128
231537000000.000000 0.166168 -0.275807 0.003517
232537000000.000000 0.166615 -0.274046 0.002971
233537000000.000000 0.184956 -0.286570 0.005313
234536000000.000000 0.215255 -0.272791 0.002899
235537000000.000000 0.260749 -0.271459 0.002808
236503000000.000000 0.291314 -0.275515 0.003387
237503000000.000000 0.349896 -0.268630 0.002602
238571000000.000000 0.412595 -0.280054 0.004379
239537000000.000000 0.459220 -0.264669 0.002279
240537000000.000000 0.508781 -0.262720 0.002111
241571000000.000000 0.548423 -0.261003 0.001956
242536000000.000000 0.598520 -0.258801 0.001752
243571000000.000000 0.641741 -0.264176 0.002594
244504000000.000000 0.697955 -0.253885 0.001278
245503000000.000000 0.724997 -0.240200 -0.000599
246570000000.000000 0.787298 -0.243431 -0.000000
247537000000.000000 0.845754 -0.245280 0.000392
248503000000.000000 0.895347 -0.243645 0.000245
249536000000.000000 0.981190 -0.237579 -0.000398
250536000000.000000 0.994770 -0.234928 -0.000737
251537000000.000000 1.048606 -0.233653 -0.000801
252537000000.000000 1.085423 -0.229985 -0.001239
253537000000.000000 1.141867 -0.222673 -0.002131
254570000000.000000 1.243133 -0.210423 -0.003638
255536000000.000000 1.255456 -0.231587 -0.000509
256571000000.000000 1.259399 -0.214314 -0.002986
257536000000.000000 1.349304 -0.208614 -0.003651
258503000000.000000 1.383503 -0.202390 -0.004672
259536000000.000000 1.447778 -0.201477 -0.004437
260537000000.000000 1.515524 -0.234186 0.000262
261503000000.000000 1.536369 -0.194260 -0.005255
262571000000.000000 1.595068 -0.201045 -0.004138
263536000000.000000 1.647822 -0.204346 -0.003532
264503000000.000000 1.749562 -0.183735 -0.005857
265504000000.000000 1.744245 -0.180089 -0.006790
266503000000.000000 1.784026 -0.178538 -0.006922
267571000000.000000 1.843638 -0.176153 -0.007130
268536000000.000000 1.883342 -0.174417 -0.007287
269537000000.000000 1.925712 -0.192325 -0.004788
270536000000.000000 1.973868 -0.168110 -0.007978
271537000000.000000 2.012242 -0.194767 -0.004219
272536000000.000000 2.081804 -0.164652 -0.008230
273536000000.000000 2.133756 -0.162605 -0.008403
274503000000.000000 2.180887 -0.158878 -0.008826
275537000000.000000 2.174678 -0.150565 -0.009969
276568000000.000000 2.280828 -0.156098 -0.009004
277503000000.000000 2.323337 -0.144612 -0.010578
278536000000.000000 2.380428 -0.154013 -0.009086
279535000000.000000 2.432802 -0.158456 -0.008370
280571000000.000000 2.479999 -0.151578 -0.009217
281570000000.000000 2.530179 -0.150246 -0.009299
282537000000.000000 2.558790 -0.153541 -0.008780
283503000000.000000 2.629640 -0.147249 -0.009508
284570000000.000000 2.774474 -0.152995 -0.008406
285503000000.000000 2.729059 -0.143860 -0.009772
286504000000.000000 2.778499 -0.142020 -0.009924
287537000000.000000 2.830086 -0.139987 -0.010099
288537000000.000000 2.881318 -0.141124 -0.009826
289537000000.000000 2.940133 -0.134327 -0.010682
290536000000.000000 2.977738 -0.135522 -0.010412
291504000000.000000 3.027538 -0.134410 -0.010462
292537000000.000000 3.054829 -0.135734 -0.010238
293536000000.000000 3.127068 -0.131972 -0.010594
294471000000.000000 3.176990 -0.130662 -0.010672
295536000000.000000 3.228224 -0.129116 -0.010780
296536000000.000000 3.153217 -0.169326 -0.005360
297537000000.000000 3.339551 -0.131701 -0.010189
298537000000.000000 3.377616 -0.124226 -0.011149
299503000000.000000 3.396864 -0.131852 -0.010049
300536000000.000000 3.494925 -0.132001 -0.009828
301570000000.000000 3.381003 -0.122237 -0.011417
302504000000.000000 3.287514 -0.137017 -0.009564
303503000000.000000 3.142123 -0.132903 -0.010422
304504000000.000000 3.677032 -0.125168 -0.010396
305527000000.000000 3.725528 -0.130080 -0.009612
306537000000.000000 3.775257 -0.135765 -0.008721
307535000000.000000 3.786529 -0.124068 -0.010302
308504000000.000000 3.748316 -0.185454 -0.001805
309537000000.000000 3.826224 -0.160349 -0.005079
310571000000.000000 3.970955 -0.154712 -0.005684
311536000000.000000 3.980731 -0.156549 -0.005523
312537000000.000000 4.069677 -0.162325 -0.004422
313571000000.000000 3.683231 -0.187089 -0.002133
314504000000.000000 4.134742 -0.158524 -0.004835
315503000000.000000 4.077777 -0.175772 -0.002515
316537000000.000000 4.070497 -0.179587 -0.001886
317503000000.000000 3.520608 -0.202134 0.000476
318504000000.000000 3.114169 -0.247826 0.007703
319537000000.000000 4.412616 -0.189648 0.000084
320537000000.000000 4.740860 -0.215675 0.003908
321571000000.000000 4.707718 -0.190851 -0.000293
322536000000.000000 4.562023 -0.189917 0.000433
323504000000.000000 4.421395 -0.174126 -0.002055
324504000000.000000 4.625170 -0.194813 0.001310
325503000000.000000 4.711762 -0.191413 0.000951
326536000000.000000 4.761067 -0.192251 0.001171
327537000000.000000 4.753179 -0.184788 0.000140
328537000000.000000 4.860472 -0.194395 0.001676
329570000000.000000 4.910841 -0.195726 0.001963
330535000000.000000 4.959806 -0.197273 0.002282
331570000000.000000 4.940738 -0.226650 0.006313
332571000000.000000 5.037592 -0.221019 0.005741
333536000000.000000 4.650457 -0.221922 0.005043
334503000000.000000 5.036408 -0.240285 0.008438
335535000000.000000 5.252270 -0.206440 0.004148
336570000000.000000 5.487774 -0.191001 0.002429
337536000000.000000 5.439425 -0.204295 0.004192
338571000000.000000 5.374590 -0.216280 0.005780
339503000000.000000 5.405566 -0.196382 0.003084
340537000000.000000 5.454441 -0.195628 0.003081
341536000000.000000 5.504442 -0.194725 0.003059
342536000000.000000 5.553450 -0.193789 0.003032
343503000000.000000 5.578641 -0.176577 0.000691
344536000000.000000 5.652499 -0.191552 0.002927
345536000000.000000 5.677165 -0.197484 0.003801
346537000000.000000 5.751562 -0.188888 0.002763
347537000000.000000 5.801272 -0.187329 0.002651
348536000000.000000 5.641656 -0.188609 0.002503
349537000000.000000 5.900263 -0.183955 0.002389
350536000000.000000 5.968983 -0.186661 0.002911
351536000000.000000 5.999266 -0.180067 0.002055
352570000000.000000 6.125988 -0.184192 0.002887
353504000000.000000 6.098237 -0.175624 0.001644
354537000000.000000 5.979905 -0.216437 0.007059
355537000000.000000 6.197213 -0.170576 0.001149
356536000000.000000 6.282576 -0.167129 0.000841
357571000000.000000 6.222510 -0.155451 -0.001000
358504000000.000000 6.351414 -0.146986 -0.002061
359571000000.000000 6.397651 -0.167123 0.001086
360537000000.000000 6.482218 -0.165994 0.001127
361571000000.000000 6.496903 -0.170522 0.001764
362537000000.000000 6.547187 -0.172569 0.002151
363537000000.000000 6.596032 -0.174801 0.002564
364571000000.000000 6.646241 -0.177344 0.003020
365535000000.000000 6.695020 -0.180069 0.003501
366504000000.000000 6.745131 -0.183167 0.004034
367536000000.000000 6.793847 -0.186436 0.004590
368537000000.000000 6.843840 -0.190153 0.005209
369571000000.000000 6.795085 -0.181091 0.003976
370504000000.000000 6.487648 -0.237501 0.011615
371537000000.000000 6.864428 -0.212647 0.008531
372537000000.000000 7.072955 -0.191549 0.005764
373536000000.000000 7.090187 -0.192486 0.006046
374536000000.000000 7.106216 -0.157787 0.001039
375470000000.000000 7.189780 -0.190257 0.005943
376536000000.000000 7.239470 -0.188967 0.005869
377503000000.000000 7.281777 -0.184109 0.005361
378504000000.000000 7.338924 -0.186110 0.005679
379537000000.000000 7.323570 -0.195811 0.007012
380504000000.000000 7.226309 -0.204895 0.008096
381503000000.000000 7.530955 -0.206057 0.008830
382536000000.000000 7.484002 -0.182637 0.005485
383304000000.000000 7.587872 -0.176781 0.004900
384570000000.000000 7.527460 -0.193412 0.007094
385536000000.000000 7.699959 -0.176649 0.005115
386537000000.000000 7.735919 -0.169305 0.004172
387503000000.000000 7.786197 -0.166447 0.003878
388503000000.000000 7.834919 -0.163438 0.003563
389537000000.000000 7.820294 -0.147769 0.001877
390536000000.000000 7.699062 -0.158654 0.004103
391537000000.000000 7.336174 -0.138553 0.002848
392535000000.000000 8.033508 -0.157050 0.003089
393537000000.000000 8.083725 -0.158065 0.003332
394536000000.000000 8.132937 -0.159252 0.003601
395537000000.000000 8.225279 -0.161541 0.003921
396537000000.000000 8.232266 -0.162190 0.004215
397571000000.000000 8.282305 -0.163989 0.004568
398504000000.000000 8.314514 -0.138757 0.001216
399537000000.000000 8.284828 -0.178298 0.006651
400570000000.000000 8.452881 -0.149649 0.002934
401503000000.000000 8.399082 -0.146803 0.002391
402537000000.000000 8.348829 -0.217274 0.012138
403537000000.000000 8.619506 -0.176081 0.007007
404571000000.000000 8.451357 -0.166881 0.005334
405536000000.000000 8.710667 -0.193892 0.009585
406504000000.000000 8.727404 -0.173202 0.006752
407503000000.000000 8.804245 -0.192992 0.009648
408536000000.000000 8.621984 -0.222875 0.013420
409504000000.000000 8.396689 -0.229233 0.013635
410503000000.000000 8.923072 -0.206004 0.011733
411537000000.000000 9.083047 -0.227202 0.015020
412503000000.000000 9.021903 -0.202922 0.011510
413536000000.000000 9.107883 -0.218826 0.013942
414537000000.000000 9.102965 -0.198753 0.011104
415536000000.000000 9.169496 -0.192598 0.010386
416504000000.000000 9.228133 -0.187948 0.009860
417537000000.000000 9.286749 -0.182962 0.009292
418537000000.000000 9.332169 -0.174339 0.008196
419537000000.000000 9.237191 -0.183739 0.009346
420570000000.000000 9.566567 -0.153352 0.005752
421571000000.000000 9.523514 -0.159307 0.006500
422571000000.000000 9.566830 -0.117709 0.000841
423537000000.000000 9.406875 -0.134654 0.002898
424566000000.000000 9.710374 -0.147965 0.005317
425536000000.000000 9.750887 -0.154788 0.006358
426536000000.000000 9.758951 -0.159467 0.007014
427537000000.000000 9.878989 -0.132550 0.003525
428503000000.000000 9.943749 -0.127237 0.002921
429537000000.000000 9.949768 -0.133030 0.003699
430503000000.000000 10.081004 -0.114536 0.001445
431536000000.000000 10.150772 -0.107383 0.000595
432536000000.000000 10.202437 -0.102312 0.000467
433537000000.000000 10.287662 -0.091834 -0.001277
434536000000.000000 10.337171 -0.080470 -0.002746
435536000000.000000 10.422662 -0.081046 -0.002529
436504000000.000000 10.496130 -0.064590 -0.004625
437537000000.000000 10.474256 -0.049678 -0.004168
438570000000.000000 10.590124 -0.045243 -0.002380
439536000000.000000 10.625770 -0.023897 -0.004112
440570000000.000000 10.774453 -0.044767 -0.006798
441503000000.000000 10.844471 -0.046682 -0.006388
442537000000.000000 10.667334 -0.035165 -0.010688
443570000000.000000 11.017226 -0.055708 -0.004924
444537000000.000000 11.079722 -0.055149 -0.004678
445536000000.000000 11.122172 -0.058431 -0.004178
446537000000.000000 11.120977 -0.067196 -0.002662
447537000000.000000 11.260668 -0.063655 -0.003166
448535000000.000000 11.120656 -0.107152 0.002781
449571000000.000000 11.398505 -0.057803 -0.003692
450571000000.000000 11.507783 -0.040418 -0.005869
451537000000.000000 11.493041 -0.027289 -0.007644
452536000000.000000 11.607564 -0.047616 -0.004671
453504000000.000000 11.677616 -0.046262 -0.004714
454535000000.000000 11.720006 -0.031758 -0.006636
455536000000.000000 11.776102 -0.039844 -0.005405
456569000000.000000 11.862813 -0.031414 -0.006400
457502000000.000000 11.956182 -0.039278 -0.005102
458536000000.000000 12.025803 -0.037147 -0.005254
459537000000.000000 12.095901 -0.034829 -0.005431
460537000000.000000 12.190732 -0.043349 -0.004043
461570000000.000000 12.277599 -0.046324 -0.003448
462537000000.000000 12.304660 -0.026695 -0.006126
463570000000.000000 12.373624 -0.036645 -0.004604
464537000000.000000 12.482345 -0.005572 -0.008704
465537000000.000000 12.512996 -0.016602 -0.007094
466537000000.000000 12.495592 -0.005091 -0.008724
467537000000.000000 12.646616 -0.045881 -0.002741
468503000000.000000 12.720792 -0.004193 -0.008385
469537000000.000000 12.782539 0.014285 -0.010803
470536000000.000000 12.882874 0.012613 -0.010328
471570000000.000000 12.937492 0.009173 -0.009740
472537000000.000000 12.991025 0.054475 -0.015933
473566000000.000000 12.956411 0.044126 -0.014630
474537000000.000000 13.095662 0.020476 -0.011046
475536000000.000000 13.116844 0.065292 -0.017250
476537000000.000000 13.190006 0.060258 -0.016414
477571000000.000000 13.324643 0.029565 -0.011904
478537000000.000000 13.330931 0.001783 -0.008095
479570000000.000000 13.461215 0.018979 -0.010051
480536000000.000000 13.554167 0.004026 -0.007742
481571000000.000000 13.647404 0.029049 -0.010921
482536000000.000000 13.635002 0.044106 -0.012913
483571000000.000000 13.767282 0.020284 -0.009201
484535000000.000000 13.820404 0.044096 -0.012225
485534000000.000000 13.903992 0.010180 -0.007918
486504000000.000000 13.967900 0.017042 -0.008923
487536000000.000000 14.043580 0.005663 -0.007003
488570000000.000000 14.081436 0.007995 -0.007239
489536000000.000000 14.168503 -0.003220 -0.005472
490536000000.000000 14.194944 0.024503 -0.009252
491536000000.000000 14.315449 0.010126 -0.006914
492536000000.000000 14.346659 -0.009117 -0.004029
493570000000.000000 14.384934 0.006737 -0.005698
494537000000.000000 14.528700 -0.023068 -0.002004
495536000000.000000 14.525280 -0.011203 -0.003813
496537000000.000000 14.617060 -0.038919 -0.000667
497570000000.000000 14.681647 -0.006927 -0.006370
498503000000.000000 14.772637 -0.029344 -0.001065
499571000000.000000 14.812948 -0.054699 0.003473
500504000000.000000 14.914812 -0.059340 0.005153
501536000000.000000 14.989661 -0.087330 0.010052
502570000000.000000 15.135448 -0.100030 0.013317
503536000000.000000 15.135248 -0.106938 0.015725
504537000000.000000 15.216566 -0.081887 0.007591
505536000000.000000 15.316162 -0.068376 0.004476
506503000000.000000 15.356186 -0.079699 0.007578
507571000000.000000 15.375941 -0.093103 0.006871
508536000000.000000 15.478848 -0.088021 0.009163
509570000000.000000 15.542583 -0.078090 0.008124
510537000000.000000 15.628030 -0.093567 0.012489
511536000000.000000 15.714402 -0.103960 0.017010
512537000000.000000 15.784739 -0.072141 0.016433
513536000000.000000 15.811527 -0.072098 0.020894
514504000000.000000 15.892758 -0.079631 0.027253
515536000000.000000 15.980047 -0.082325 0.011660
516569000000.000000 16.028160 -0.085123 0.006877
517570000000.000000 16.055996 -0.055427 -0.008062
518536000000.000000 16.186879 -0.055192 -0.020786
519536000000.000000 16.283266 -0.067721 -0.034692
520503000000.000000 16.330651 -0.041702 0.004329
521504000000.000000 16.402325 -0.036544 0.003761
522570000000.000000 16.494126 -0.032752 0.007857
523570000000.000000 16.505932 -0.036280 0.007993
524537000000.000000 16.591593 -0.034301 0.007244
525536000000.000000 16.664851 -0.015909 0.000423
526536000000.000000 16.754046 -0.010220 -0.000005
527536000000.000000 16.796879 0.017613 -0.007868
528504000000.000000 16.854713 0.011024 -0.011084
529504000000.000000 16.970150 0.026062 -0.005241
530536000000.000000 17.067493 0.025494 -0.001366
531571000000.000000 17.149572 0.044122 -0.005881
532537000000.000000 17.199259 0.050867 -0.005817
533536000000.000000 17.280377 0.068078 -0.008798
534570000000.000000 17.349059 0.136786 -0.019720
535535000000.000000 17.460223 0.096997 -0.016052
536537000000.000000 17.567587 0.090927 -0.017687
537504000000.000000 17.623655 0.114015 -0.024058
538504000000.000000 17.743695 0.106245 -0.026611
539536000000.000000 17.742468 0.170901 -0.040093
540570000000.000000 17.824992 0.203992 -0.049686
541503000000.000000 17.895980 0.237695 -0.060121
542535000000.000000 18.021571 0.260271 -0.069495
543503000000.000000 18.082357 0.287569 -0.080601
544504000000.000000 18.174652 0.311216 -0.091941
545537000000.000000 18.198396 0.409242 -0.114855
546537000000.000000 18.399549 0.410970 -0.125054
547537000000.000000 18.418385 0.488741 -0.146986
548536000000.000000 18.475391 0.650463 -0.180830
549504000000.000000 18.465988 0.794013 -0.107236
550537000000.000000 18.626052 0.842354 -0.065654
551504000000.000000 18.691144 0.893629 0.029570
552504000000.000000 18.742956 1.031406 0.139106
553537000000.000000 18.738166 1.164099 0.274938
554537000000.000000 18.874179 1.297067 0.437202
555537000000.000000 18.890255 1.451010 0.623089
556537000000.000000 18.955517 1.571990 0.840464
557537000000.000000 18.913515 1.680247 1.085185
558570000000.000000 18.978494 1.611872 -0.335122
559571000000.000000 18.942451 1.568256 -1.342238
560536000000.000000 18.922298 1.878577 -0.256837
561537000000.000000 19.021615 1.884598 -0.599664
562571000000.000000 19.081633 2.027085 -0.118641
563537000000.000000 19.117018 2.270293 0.644361
564469000000.000000 18.956541 2.334410 -0.320039