228570000000 -0.00019118082700768455 -0.24886153700985397 -0.0010024470150144932 -0.000040848491001288075 0.003860845650305105 0.008708954794538105 0.9999546221247502
229537000000 -0.00019118082700768455 -0.24886153700985397 -0.0010024470150144932 -0.000040848491001288075 0.003860845650305105 0.008708954794538105 0.9999546221247502
230503000000 -0.008956563754333508 -0.26126169532186133 -0.0010022612255738417 -0.000042486599763937976 0.0038594266382719292 0.009141623217213414 0.9999507656609234
231537000000 0.011366456686628853 -0.2486589522249076 -0.0010034491956238817 -0.00004432455564190425 0.003868459625011191 0.009581915954257092 0.9999466085457308
232537000000 0.032772968370078454 -0.24865206959622804 -0.0010044929217307604 -0.00004227272008961636 0.0038767524195333185 0.0096203965094044 0.9999462070405071
233537000000 0.0009346508990538058 -0.248727276944905 -0.0010040603328289842 -0.000049470965780752625 0.003872914388595316 0.010689191419297327 0.999935367548105
234536000000 0.06562329383465068 -0.259826387687908 -0.0010023283051108674 -0.00005424267729174948 0.003859572334540573 0.011817310699886903 0.9999227229776053
235537000000 0.16298981345812125 -0.2963444277038517 -0.0010044972812430636 -0.000052570836386840896 0.003876579178547414 0.012133644952801498 0.9999188687240275
236503000000 0.16267855693309471 -0.2682310062705454 -0.0010025809803447076 -0.00006315799121066181 0.0038612639234531835 0.013967557671692653 0.99989499147894
237503000000 0.21428314684104968 -0.2532558449263793 -0.0010042829275622896 -0.00006136343453966791 0.0038747930211115228 0.014365890668943539 0.999889295571695
238571000000 0.2645803007870889 -0.2530337546235767 -0.0010027103882793084 -0.00007257226273629651 0.003862033195908408 0.016320551400893422 0.9998593496261517
239537000000 0.27746639479921303 -0.26575789305346537 -0.0010040333669101738 -0.00007095639126403578 0.0038726835286483213 0.016766495589054173 0.9998519299942065
240537000000 0.34711138371747524 -0.23539523702059761 -0.0010029907321524 -0.00008320347996991284 0.0038639073307687685 0.018957989562586423 0.9998128114447549
241571000000 0.3833103523803274 -0.24642647105133417 -0.0010038173039701552 -0.00008194679159562319 0.0038707584955095607 0.01949706175088219 0.9998024180289199
242536000000 0.45331971864765 -0.24354282236278707 -0.0010031411753368517 -0.00009415086107569275 0.0038649064288448207 0.021966404143309096 0.9997512344193051
243571000000 0.4795889766768873 -0.24200259067221963 -0.0010036614369870085 -0.00009444821687513124 0.0038692101888916875 0.02259544122751328 0.9997371986316117
244504000000 0.5418221638712105 -0.238199623109393 -0.0010033229192189207 -0.00010656723276782549 0.003866110691322648 0.0253805384354293 0.9996703807257046
245503000000 0.5818613950434615 -0.20577598902436178 -0.0010034785720279792 -0.00010815110581393024 0.0038674051136412943 0.02609541904432488 0.9996519697304289
246570000000 0.5972156888130652 -0.27269426169535377 -0.0010034515009450934 -0.00012107937287858943 0.00386673356869804 0.02924620393326337 0.9995647519129455
247537000000 0.7225685257950107 -0.2718850716263495 -0.001003025905967573 -0.00012289864696191473 0.003863556005585159 0.030029850527515282 0.9995415278557511
248503000000 0.7452273615580495 -0.28422770731101504 -0.0010036598188491175 -0.00013691548893228863 0.003867865132647497 0.03346033823541963 0.9994325523208837
249536000000 0.7715393671164528 -0.2546361917061199 -0.0010028627099867744 -0.00013945528001554788 0.003861751867221973 0.03431787981486446 0.9994034973671811
250536000000 0.8189909734580583 -0.2649415842429363 -0.0010039534360531017 -0.00015515967212600295 0.0038694726405621013 0.03826216384776183 0.9992602313334835
251537000000 0.8585959853174431 -0.2505009958157558 -0.001002632680625691 -0.0001582710059732723 0.0038592605315445477 0.03917000788995783 0.999225095531702
252537000000 0.8687189170855716 -0.17541915028086366 -0.0010033482849727826 -0.00016977407968767573 0.0038649884020070225 0.04349635264108793 0.9990460952069911
253537000000 0.9171024403971951 -0.17499332146703767 -0.001002484889712607 -0.00017286763284535432 0.0038574721654701717 0.04289308909327482 0.9990722060658631
254570000000 0.9670827722509526 -0.1868920301854203 -0.00100368520511954 -0.00010254772059100607 0.003870475311994456 0.02699131604828349 0.9996281697525365
255536000000 1.0046358257041978 -0.16393738941685065 -0.0010023582268625202 -0.00011511971840855925 0.0038585917627259247 0.027813355199470004 0.9996056799006332
256571000000 1.1073254690493346 -0.1447720547244554 -0.0010034283732810213 -0.00011777975576660064 0.0038672067930133015 0.030026928803838986 0.9995416021287751
257536000000 1.0944435125761482 -0.13843363567364883 -0.0010022974864530403 -0.0001332806047617762 0.003857557726789541 0.03254124064749477 0.9994629403543619
258503000000 1.132504659319977 -0.1396894712586269 -0.0010038128347086527 -0.0001351245492083759 0.0038696368463555647 0.03328300050887617 0.9994384671049837
259536000000 1.2184752481952559 -0.13538613555801438 -0.0010022923108857704 -0.0001531825722011485 0.0038567791422073326 0.03769727370046397 0.9992817507316443
260537000000 1.2933111314746515 -0.13316978908717889 -0.001004476703994995 -0.00015356988351886974 0.003873553315156254 0.03783618239316746 0.9992764358789396
261503000000 1.304629121902178 -0.12899390588625906 -0.0010023437052054836 -0.00017462680287302175 0.003856242360073473 0.04322228539170367 0.9990580228124182
262571000000 1.330755582700437 -0.10347776186249247 -0.0010046126954010304 -0.00017453733530803058 0.0038737245618321084 0.04331311090434463 0.999054021671764
263536000000 1.318443044679332 -0.04016594581066045 -0.001002492192787495 -0.00012139962625654609 0.0038595184790275253 0.02960819005576937 0.9995541228272045
264503000000 1.3357943727857857 -0.0744124538038194 -0.001004440371021851 -0.00006651685775340236 0.003875162699645887 0.014398463023782922 0.9998888252961484
265504000000 1.3850814255693962 -0.07760527984161875 -0.0010025598970004289 -0.00007133851071487718 0.003861419208194914 0.016876543706128625 0.99985012208083
266503000000 1.450924475159117 -0.05485594768951636 -0.001004270568843505 -0.00007521961042386669 0.003873618010341862 0.01649742295362798 0.9998564019205004
267571000000 1.5651295775667988 -0.06454194648167269 -0.0010027822799081425 -0.00008035525528090661 0.003862970539809551 0.019274912093565785 0.9998067557110358
268536000000 1.5654639583244474 -0.0486615983876115 -0.0010040947171276078 -0.00008455757723065086 0.003872050148437843 0.018852088706099036 0.9998147822617355
269537000000 1.684507306508392 -0.11562448166902331 -0.0010029964877289917 -0.00009106775749156195 0.0038643576522589523 0.021989821069550042 0.9997507220382129
270536000000 1.6971278108747236 -0.10321262896289202 -0.0010039173869514952 -0.00009474655740291277 0.0038705142232510876 0.02157190127497777 0.9997598027617034
271537000000 1.859606010797097 -0.08447237073273746 -0.0010032112432800527 -0.00010339634286699212 0.0038656619649840764 0.02509822056314613 0.9996775106459744
272536000000 1.7829601707455391 -0.09553388051502355 -0.0010036781258225547 -0.00010675964031178839 0.003868378400574879 0.024728907450894306 0.9996867036162951
273536000000 1.7977574722083514 -0.07543641706638955 -0.001003316612434895 -0.00011640487241299068 0.0038661343340154284 0.02852728756422838 0.99958553076735
274503000000 1.8468855594961031 -0.07459192059051907 -0.001003461730684295 -0.00006625727039217862 0.0038674912111203545 0.014004828345522403 0.9998944458815232
275537000000 1.9259570875571081 -0.08278828055860565 -0.0010034738667025825 -0.000032529790233726925 0.0038691977728720532 0.00727134240718384 0.9999660773396288
276568000000 2.012784949939151 -0.07392778522814501 -0.001003225849839695 -0.000037984933970004316 0.0038660958018323856 0.0067186980707876496 0.9999699550269645
277503000000 2.013887219084002 -0.09109372557044676 -0.00100365260462644 -0.00003798128952790034 0.0038706527300970636 0.009010950975151122 0.9999519085272992
278536000000 2.0475580955861292 -0.0820717189603628 -0.001002988520776401 -0.000044465272397692444 0.0038643134620573627 0.008599564853171275 0.9999555553066559
279535000000 2.0736691894972843 -0.05302396242470385 -0.0010037367234284125 -0.00004365711387064024 0.0038713855696027775 0.010805675347423788 0.9999341217540854
280571000000 2.2187097137929905 -0.06945267762033988 -0.0010027341831437449 -0.000050813704915347695 0.0038624885861213184 0.010563675169559136 0.9999367416825934
281570000000 2.212552513610454 -0.025692217716320687 -0.0010034771264950323 -0.00005524749617913236 0.003869020975046075 0.013147800809549567 0.9999060770683821
282537000000 2.273171474548833 -0.015273166193541104 -0.0010025473134397042 -0.000057640642853079495 0.003861131661411231 0.01260572352459825 0.9999130882603102
283503000000 2.2359048318429533 -0.006387988805712647 -0.0010040931878897534 -0.00006138689218261625 0.0038737359768619513 0.015020531260850449 0.9998796797824591
284570000000 2.331912868357332 -0.019632478479922708 -0.0010024253193350735 -0.0000651068989913116 0.0038602219379597637 0.014774335164608588 0.9998833999362752
285503000000 2.316674111665297 -0.009145015104492657 -0.0010044873320227722 -0.00007084098334004186 0.003876270039188814 0.017026321584500948 0.9998475253184556
286504000000 2.338905461910993 -0.01835936765130597 -0.0010023633496806413 -0.00007331337678242094 0.0038597182195879804 0.01709737352657479 0.9998463767093958
287537000000 2.3170140500445937 0.005364655338616409 -0.0010047818095600472 -0.00007608456720929577 0.003878380215472199 0.018676471110556536 0.99981805435034
288537000000 2.3386633383186695 -0.032352359711433215 -0.0010024033792779032 -0.00004798175651120072 0.0038606007398618455 0.010846795053037124 0.9999337180517296
289537000000 2.454359183276345 -0.041678762273537895 -0.0010047574272217183 -0.000033288597469731076 0.003878765840145834 0.00739391914391481 0.9999651414059991
290536000000 2.4427034164065575 -0.07183765410627052 -0.0010024357629625572 -0.00003839944122644 0.0038610311379254324 0.008496567968273088 0.9999564487000399
291504000000 2.494272526402016 -0.10483278676055702 -0.001003774223222495 -0.000040545323100961546 0.0038708317937695626 0.008327834781490464 0.9999578302034308
292537000000 2.333531398605257 -0.1078858557830532 -0.0010025576903694225 -0.00004521143679779469 0.003861994699971172 0.010451945705200135 0.9999379179648299
293536000000 2.3316635222376303 -0.15990628852394687 -0.0010043633186405422 -0.00005177864983466269 0.003874369385677005 0.009841635457789367 0.999944062831692
294471000000 2.4529761330275663 -0.19599496384559695 -0.0010027293214041819 -0.00005252343970802779 0.0038632856009773128 0.01246304717802347 0.9999148687366799
295536000000 2.406667267308808 -0.18547128381938743 -0.0010042096648409451 -0.000058724711065012564 0.00387312443995458 0.01168855109958773 0.9999241837417842
296536000000 2.393489975269163 -0.17504183772221682 -0.0010028387740311472 -0.00006071512574739811 0.0038640069466078395 0.014569686410706375 0.9998863885471608
297537000000 2.4127462041302175 -0.15106900496892972 -0.0010039596690471879 -0.00006643177808162496 0.00387108577950931 0.013720618029160728 0.9998983722972072
298537000000 2.3874005299814085 -0.17872590450122533 -0.0010030146268199258 -0.00006960774222255135 0.0038651603399220314 0.01681251999130912 0.9998511863581754
299503000000 2.3268868586140377 -0.20162117697265747 -0.001003794268399378 -0.00007492932404527796 0.003869699269035849 0.015962979560458224 0.9998650924483342
300536000000 2.276912439274777 -0.22060531659756513 -0.001003276578578561 -0.00007953238585927683 0.003866904064302183 0.019270877258057127 0.9998068183490558
301570000000 2.3352451144935715 -0.2013587577745175 -0.0010036197993179875 0.0000020187191698835 0.003868929125049339 -0.004221425144552583 0.9999836053421571
302504000000 2.2861419817509425 -0.14970846219144407 -0.0010032713083921868 0.00009260802798992134 0.003867218146282827 -0.023900827707967663 0.9997068502728369
303503000000 2.4114354794149717 -0.13825319906154215 -0.001004180261784459 0.0001806144373778331 0.003868546432959716 -0.05105434917806225 0.9986883673884089
304504000000 2.3622297940644925 -0.13009766255880373 -0.0010034153113922424 0.0001925338791134645 0.003864003098072848 -0.05102535129499828 0.998689864740794
305527000000 2.2184281322682247 -0.1078763205248596 -0.001004018170585444 0.000218615947434331 0.003865491028126425 -0.06064049550438221 0.998152162994782
306537000000 2.240752239730732 -0.1532987831337604 -0.0010039244576174125 0.00022462044695569446 0.0038664468511414303 -0.058673752690528914 0.9982696984681108
307535000000 2.300284136797245 -0.16627824410654266 -0.001003336429687137 0.0002405248445814826 0.0038592668772141755 -0.06593346372327082 0.997816529512526
308504000000 2.3666919320476514 -0.15175284871591355 -0.0010044389865568153 0.00014856032560297424 0.0038735722568769893 -0.03984642338269278 0.9991982965915263
309537000000 2.337021700059409 -0.16560301106604317 -0.0010034282695920646 0.00013551936381836559 0.003865392320646953 -0.03817406843797336 0.9992636193095406
310571000000 2.3847422174810657 -0.1679396147065607 -0.0010045011095973708 0.00014045203326450498 0.0038744990166722317 -0.03747901957211464 0.9992898936857659
311536000000 2.3550308337420476 -0.1509314033432852 -0.0010032317506913323 0.00016095601551658205 0.003863237945677197 -0.0442214240164586 0.9990142717417468
312537000000 2.3419977915498498 -0.12156817059360123 -0.0010045616019365676 0.00016404123744003936 0.003873840703644422 -0.0438998645015955 0.9990284121812637
313571000000 2.4171829696415283 -0.08914426412958348 -0.0010031038226346635 0.00018857773680876157 0.0038612450964569884 -0.050980362987543056 0.9986921737023879
314504000000 2.340478728304074 -0.16261646391847664 -0.0010046612324924424 0.0001901384812263219 0.0038731603089881485 -0.05103578427079818 0.9986892966285578
315503000000 2.353817083877761 -0.11158532800283671 -0.0010030424838671434 0.00021904130835494407 0.003859381868908597 -0.05850065640997712 0.9982798857996174
316537000000 2.2756779586108298 -0.14967575369349617 -0.0010048519919980368 0.0001828565070500885 0.0038749728983688255 -0.04920846639760922 0.9987809960062968
317503000000 2.1954843871777565 -0.20564964748984105 -0.001002905351700993 0.00012437646639905752 0.0038625159471479143 -0.03408448282323602 0.9994114835900803
318504000000 2.242655045727354 -0.11895556003052546 -0.001005180740739825 0.000024996332380152077 0.0038810020111578196 -0.00963539202549847 0.9999460467540675
319537000000 2.3453826093069092 -0.05121746162796059 -0.0010030558210908126 0.0000033875898691713043 0.00386593281288704 -0.002287849310366675 0.9999899100978686
320537000000 2.3019350381293835 -0.11044231249419095 -0.0010051032099268678 0.0000019326019058223944 0.0038804120179807846 -0.0038335095800620124 0.9999851231909079
321571000000 2.354873084242401 -0.10051089957072773 -0.0010030981393949513 0.000013609341735827971 0.0038661251064877563 -0.00512845423351859 0.9999793757116301
322536000000 2.3183303315268575 -0.10280635115892711 -0.0010048798778004818 0.000012288302842319154 0.0038787404813322955 -0.006429181711697325 0.9999718100245597
323504000000 2.242517491566631 -0.06851952482131213 -0.0010032758339146852 0.000025022957481226922 0.003867408115004226 -0.008091790616315278 0.9999597819177256
324504000000 2.3069973932392043 -0.06737022809735335 -0.001004639568183488 0.00002352798861885334 0.0038768851931754267 -0.009239849963687862 0.9999497959299163
325503000000 2.3504507214355095 -0.22400018514745518 -0.0010035651442930997 0.00003837669385820123 0.003869476173791453 -0.011553072935114301 0.9999257733387642
326536000000 2.516979774002606 -0.1750010192571706 -0.0010043260486761914 0.000036414243841449515 0.003874388851110752 -0.012602162776523365 0.9999130828618992
327537000000 2.375472259642849 -0.21435927146026074 -0.0010037500512398538 0.00005185354355876723 0.003870597787585796 -0.015305911579453737 0.9998753646603654
328537000000 2.446505749105314 -0.22721661424540052 -0.001003980927210761 0.000050262809973381715 0.0038715973954098416 -0.016220816138723497 0.9998609369962662
329570000000 2.3142759856312085 -0.2304344048487324 -0.001004013835655123 0.00006657722382975364 0.0038722368886357677 -0.019368176118500658 0.9998049185230058
330535000000 2.324692311709219 -0.21319522971594507 -0.0010037821816700314 0.00006619683932462246 0.0038698860376214844 -0.02023365850713919 0.9997877868145073
331570000000 2.287886314361188 -0.17221103512456873 -0.0010042067163577827 0.0000838372328620087 0.0038732926522946167 -0.02395264644857725 0.9997055873123134
332571000000 2.2687001509225935 -0.16475003123058904 -0.001003378254137221 0.00004818049623299343 0.0038673557371833246 -0.01512710925912023 0.9998780984718609
333536000000 2.351037769479975 -0.18490313895206129 -0.0010044712524581827 -0.000028546228195319212 0.00387577053597148 0.004474751372010526 0.9999824769404831
334503000000 2.397134644753267 -0.2742638587316656 -0.0010026041259936364 -0.00007768693192929174 0.0038615300394385047 0.018346185887403957 0.9998242345601951
335535000000 2.4067856734232285 -0.30160008356443563 -0.0010043900246438676 -0.00004043179070533621 0.0038757117137350736 0.008654294783430352 0.9999550391921548
336570000000 2.376557080093356 -0.2936548189148863 -0.0010024007290479718 -0.000018696606578592773 0.0038606195694293054 0.002892214808550674 0.9999883651125538
337536000000 2.4161135282143618 -0.2862142416451556 -0.0010036955263407893 -0.000019897454343584307 0.003870524882168766 0.0036182164342194903 0.9999859634770195
338571000000 2.444069171200442 -0.25216558350043977 -0.0010022999677255819 -0.00002518744429138893 0.0038597890859349776 0.004522801569779156 0.9999823226736386
339503000000 2.3418824585190596 -0.2881413326822785 -0.0010036285234802482 -0.00002572931445900691 0.003870239798981808 0.005194448866403873 0.9999790189213347
340537000000 2.4415023265642986 -0.3033889264053451 -0.001002252422165395 -0.000032372101429227425 0.0038593591394996095 0.006356906129929782 0.9999723466394131
341536000000 2.416761764586618 -0.32434146302735845 -0.001003721739352488 -0.00003400169734314818 0.0038708359711536293 0.006826548201734647 0.9999692063820858
342536000000 2.3555203360069896 -0.26526375749984066 -0.0010022599811998975 -0.0000404413023660055 0.0038593109666636154 0.008396338068821488 0.9999573018836343
343503000000 2.3334584015948323 -0.2394286069153191 -0.0010044045255550825 -0.00003924142466854896 0.00387601311896648 0.008643156615376683 0.9999551344066064
344536000000 2.3664472146613766 -0.2890968945651922 -0.0010023221011492556 -0.00004932889195207601 0.0038596453315322596 0.010639854150586018 0.9999359450525966
345536000000 2.3667251706513417 -0.3339678039388809 -0.0010045465166200127 -0.00004809868949323765 0.0038769475312863447 0.010866283295920173 0.9999334432109412
346537000000 2.4311887105300882 -0.23714408072796192 -0.0010024435882216888 -0.00005894677218557561 0.0038603795439915286 0.013038037541357718 0.999907547512331
347537000000 2.454332689169492 -0.2262253613349944 -0.001004252119349 -0.00005806782318982563 0.00387447582902074 0.01328752110022941 0.9999042088361211
348536000000 2.282322476076734 -0.2128986025829996 -0.0010027286495326547 -0.00006925778782937879 0.003862309086513393 0.015594272235447192 0.9998709398944075
349537000000 2.305726958504568 -0.22619604593111725 -0.0010041125004686471 -0.00006847270002699754 0.0038732184271247656 0.01593272715391757 0.9998655618111586
350536000000 2.295766078141819 -0.1672437175523966 -0.001002887849920385 -0.00008033333316134379 0.0038632661329061173 0.018394264568817986 0.999823344272534
351536000000 2.4207238121777297 -0.15091670582042616 -0.0010038857569589534 -0.00007980090641984226 0.0038712257118158214 0.018773384548310342 0.9998162667590005
352570000000 2.4093590124016995 -0.1602916008933456 -0.0010031053696946887 -0.00009173230178831398 0.0038647506328328626 0.02144138061597478 0.9997626330709765
353504000000 2.419916436837074 -0.22748212691766198 -0.0010037133668840056 -0.00009227617274615891 0.003869582156081881 0.021904061654102084 0.9997525843437958
354537000000 2.407681076903825 -0.24591247977572167 -0.0010032751512997068 -0.0001034749887701045 0.0038658855156985623 0.024687799614394202 0.9996877296297608
355537000000 2.283071795576802 -0.21208655761426343 -0.001003595074567043 -0.00010550672196754434 0.0038682911979918784 0.025232709175970567 0.999674114688972
356536000000 2.3693237801858356 -0.2598109012731926 -0.0010035384620082494 -0.00008954290976820346 0.003868319628907851 0.021211484636788958 0.9997675234797434
357571000000 2.368434562761678 -0.3400559523454343 -0.001003267033714169 2.2126166567775785E-7 0.0038667905577834012 -0.0027710190461726833 0.9999886846280707
358504000000 2.468045306952274 -0.36741650910505985 -0.0010042599754900815 0.00006170474446557034 0.003874319703194346 -0.017919920878055724 0.9998319170115976
359571000000 2.5586256711734365 -0.3458919684309285 -0.0010036366999404064 0.00006109605801055407 0.0038688489031910374 -0.018952395825981877 0.9998128999807371
360537000000 2.423479731204949 -0.34794608309105923 -0.001004253761117655 0.0000766944146451008 0.0038732174383430368 -0.022408870887346707 0.999741383963971
361571000000 2.486129675246978 -0.26200012140994244 -0.0010033394817052024 0.00007915830728422853 0.003866434201355499 -0.02334279522878513 0.9997200399769107
362537000000 2.560381623026889 -0.30253593565301273 -0.0010039566557891524 0.00009019135460834264 0.003870780166430734 -0.026330545872462516 0.9996457929089088
363537000000 2.4013267132740994 -0.11408085370716099 -0.001003111013064835 0.00009935270448865008 0.0038643700618393407 -0.02834205095782232 0.9995908087415417
364571000000 2.4643776530904224 -0.1186592086585223 -0.0010036546050129248 0.00011114449381323692 0.003869025518737745 -0.03010781539371966 0.9995391626848118
365535000000 2.548971309621167 -0.10763124733995325 -0.001002945132545112 0.00012177050615042396 0.0038625744270734037 -0.033970839577704866 0.9994153529684868
366504000000 2.4131107445625677 -0.09778967388637635 -0.0010044134607110483 0.00012190096653172038 0.003873725676070006 -0.03419281923623295 0.9994077398650759
367536000000 2.3756693770970108 -0.12511333343592412 -0.0010028364947151404 0.0001465520526701985 0.003860964640715482 -0.0402607540096662 0.9991817368032265
368537000000 2.564447007856498 -0.12089989238990041 -0.0010050090282812951 0.00012599087269737718 0.0038783445483049697 -0.03455009446598902 0.9993954340211165
369571000000 2.5095193226513217 0.010680590432217169 -0.0010027140947106612 0.00006281780611072493 0.003862387475658521 -0.018454264871561092 0.999822243263752
370504000000 2.462118836225333 -0.0633182063927539 -0.001004977102267008 -0.00003330750515552583 0.0038793442172143228 0.004887801946304676 0.9999805292960399
371537000000 2.4770557166527167 -0.09005242132198954 -0.001002345846061823 -0.000032817806674641786 0.0038599248154841097 0.006229510321183032 0.9999731461917208
372537000000 2.559513863791639 -0.06878977248625182 -0.0010044358857633634 -0.00003059973089452949 0.0038764431320471608 0.006625561975790861 0.9999705366563584
373536000000 2.571547926077664 -0.10192689545981698 -0.0010024245120143598 -0.000040899882022674966 0.00386038775349912 0.008224209967687602 0.9999587282003192
374536000000 2.603849191041162 -0.1721909893455842 -0.001004364124143519 -0.00003853404824319076 0.0038758153267779596 0.008660192945431104 0.9999549878013648
375470000000 2.503755205420153 -0.21839998030472568 -0.0010026028721730508 -0.00004940183435506993 0.0038615554161935475 0.010274693284499491 0.9999397564989283
376536000000 2.555325498269543 -0.18081895145218121 -0.001004128967040524 -0.00004695212921226109 0.003873912185102013 0.010800082344139835 0.999934172243973
377503000000 2.484080928634288 -0.18700951566545762 -0.0010028547439141638 -0.00005875591603813662 0.0038632453306625078 0.01253680250270552 0.999913946530533
378504000000 2.5857548565977506 -0.17243025637879514 -0.001003893702078179 -0.0000564907978612149 0.003871933963025856 0.013159620015773206 0.9999059102421669
379537000000 2.519447644768176 -0.17769556150226426 -0.0010030454530560937 -0.0000682834947683712 0.0038645981971821464 0.015059825829701284 0.99987912362651
380504000000 2.596936969455234 -0.16089299220119518 -0.0010037082899412263 -0.00006720822518006605 0.0038702654443893143 0.015779664009046984 0.9998680006541893
381503000000 2.5447641943146238 -0.15558992672957825 -0.0010033077574312446 -0.00007856338701612699 0.0038665482600669454 0.01798637648536648 0.9998307526242997
382536000000 2.4330059077659545 -0.13909249178895708 -0.001003455634670164 -0.00007960515899479786 0.0038679906483155024 0.018832262806064475 0.999815172013791
383304000000 2.5092411579511085 -0.1568322219829095 -0.001003392367104814 -0.00009144090697074026 0.0038669812157652926 0.021383258312827 0.9997638693005285
384570000000 2.5327799268697193 -0.13848159393539528 -0.001003308237671332 -0.00009255449346656926 0.003866634063186162 0.02227072485349211 0.9997444950532047
385536000000 2.6085910910155627 -0.22689483122694454 -0.001003735639521986 -0.00010036970000282884 0.003869823203489529 0.024829797929713678 0.9996841978990498
386537000000 2.530827741534055 -0.32257343947939354 -0.0010030102112630473 -0.00010683329384355794 0.003863989018511909 0.026002036844469983 0.9996544164137179
387503000000 2.4455258146881667 -0.23573924842783928 -0.001003823537061882 -0.00012043454261946311 0.0038695977548990775 0.02909170737529077 0.9995692493623074
388503000000 2.5139487950108066 -0.24502902434416338 -0.0010027435729251105 -0.00012280423250822539 0.003861456134482705 0.030088674726104044 0.9995397669572075
389537000000 2.6897530853946794 -0.22826851872707307 -0.0010041428848401417 -0.00013082631680214754 0.0038715295649047435 0.0319142688626156 0.9994831032019839
390536000000 2.45753695777113 -0.15015413609284356 -0.0010025860407953842 -0.00003801613088822952 0.0038617521541578245 0.00766905969551338 0.9999631347947084
391537000000 2.5330468330586218 -0.16461690686619815 -0.0010043489070321703 0.00004086185718096798 0.0038755352793872597 -0.0119484944408136 0.9999211029062266
392535000000 2.4821518152344693 -0.18448398920597875 -0.0010029487481160518 0.00004127085859956938 0.0038643742348692567 -0.013013212694551343 0.9999078563567023
393537000000 2.5318367190663755 -0.24738597873368995 -0.001003826037026645 0.00004689753093284563 0.0038711657547062014 -0.01442782644031575 0.9998884186250631
394536000000 2.607671929495716 -0.22479311776653665 -0.0010028259220497375 0.000056207962371278926 0.0038633371099393785 -0.016739326468216246 0.9998524223186291
395537000000 2.373674883464952 -0.29287538980050715 -0.001004345138937792 0.00005468993803991919 0.0038744650388241055 -0.017294846126160626 0.9998429245772288
396537000000 2.482439982207988 -0.28243242606264296 -0.0010027583707192048 0.00007290665176999682 0.003862604659089632 -0.02096228526805822 0.9997728029738598
397571000000 2.5494825411843482 -0.22587682210055404 -0.0010048504339801555 0.0000794436627369664 0.003878978604458563 -0.021628347627584768 0.9997585517476663
398504000000 2.437361426278338 -0.2353203904190892 -0.0010027423940907887 0.0000912691938548403 0.003862136760433276 -0.025641106914645724 0.9996637480702047
399537000000 2.4237479794510293 -0.2375558759138241 -0.0010047632592372 0.00009722291509566466 0.0038776863198959725 -0.026576297705020527 0.9996392621825152
400570000000 2.544000790924305 -0.24937496618306396 -0.0010028171565171114 0.00011193295618783456 0.0038621970134304342 -0.030922336545789093 0.9995143220623662
401503000000 2.5710638663570595 -0.2862522073412918 -0.0010051289736329044 0.00011154257061071349 0.0038790900037668184 -0.031937921866870694 0.9994823206869761
402537000000 2.5225006792358506 -0.2813326273126916 -0.0010028833289371375 0.00013533689008552924 0.0038619217681993222 -0.037023304897711405 0.999306930896926
403537000000 2.4241881999214083 -0.25480281926221027 -0.001004986961248986 0.00013477507405221657 0.0038771896673931326 -0.03807332811421667 0.9992674171222985
404571000000 2.3557951818028595 -0.07694811134668225 -0.001003055729829186 0.0001609934038781732 0.0038621959879249837 -0.043734216005736425 0.9990357230217738
405536000000 2.4409600932856392 -0.12343196424349587 -0.0010048100694314138 0.00016087284901675905 0.003874846335131629 -0.044819357502524124 0.9989875799422466
406504000000 2.391259077436758 -0.09514196995102875 -0.0010032676924925585 0.00018896939376936668 0.00386240842306487 -0.0512319110643563 0.9986792965614314
407503000000 2.2406586619549858 -0.04833555651931598 -0.0010046025842225595 0.00019018753966452208 0.0038719475962182173 -0.05233104553513989 0.9986222676886947
408536000000 2.3381017758747333 -0.06731247857187134 -0.0010035238882175924 0.00015624670822554813 0.003865647002614041 -0.04305297960151317 0.9990652998216127
409504000000 2.4676131411357654 0.022750967847959408 -0.0010043163872889699 0.00006238644108321869 0.003874419866265855 -0.01854163279511388 0.9998205803202508
410503000000 2.4414372349595608 -0.0754603934850899 -0.0010039123181057423 -0.000012508158933562086 0.0038715799320586334 0.00032998292905246933 0.9999924508833266
411537000000 2.4335056946615694 -0.15879231784550593 -0.001003801838373803 -0.00010481065560523378 0.003870328413831467 0.02591304661172695 0.9996567028675364
412503000000 2.5323068434217424 -0.157483549431027 -0.0010037586646371305 -0.000131375985194559 0.003868277188311253 0.031119852501311 0.9995081660257916
413536000000 2.4938621061645465 -0.11870577735351259 -0.001002990669096808 -0.00013036213942540758 0.003863653005222145 0.03295260283909653 0.9994494390199519
414537000000 2.6166227861531697 -0.160901887332735 -0.0010031904191254472 -0.0001425307106731797 0.0038642809456526403 0.03546735961916271 0.9993633540506749
415536000000 2.5200749275033507 -0.2303618111302274 -0.0010029679294939267 -0.00014803085198680658 0.003862800699691472 0.037452775657995464 0.9992909218306415
416504000000 2.5922313936692225 -0.19539759688126213 -0.0010032884262130906 -0.00016887500367403202 0.003863254309117426 0.040892983852805535 0.9991560491830045
417537000000 2.649924661731493 -0.2354083221498468 -0.0010038603990359905 -0.00016512417466302417 0.0038692150293993047 0.04230008544985289 0.9990974450372688
418537000000 2.565104099736658 -0.06568092442026502 -0.0010027531885513571 -0.00019119914646631897 0.003858148323344202 0.04676379724755417 0.9988985060562415
419537000000 2.591419708858666 -0.015364858609178828 -0.0010044521798045006 -0.0001895943828712977 0.003871380442874859 0.04649325247855723 0.9989110841017841
420570000000 2.561287721982681 -0.01835875048009214 -0.001002545494203283 -0.00021072281181678892 0.0038561793067758226 0.052913146506678214 0.9985916504777183
421571000000 2.5691575033379443 -0.06974066269016692 -0.0010034748866030417 -0.0002061263554785511 0.0038638754730648856 0.0517711149382539 0.99865148056582
422571000000 2.635548985562629 -0.028820247603896176 -0.0010033286801408303 -0.0001292063202254632 0.0038658144854703427 0.031879858451938914 0.9994842236919876
423537000000 2.5965121681834376 -0.09468614810356243 -0.0010029997292829926 -0.0001227090784127881 0.0038628894058733644 0.029117585287944135 0.9995685215406293
424566000000 2.5679988953604074 -0.24433996149119375 -0.0010042627639237876 -0.0001194524036070077 0.00387356712905606 0.029836196792963416 0.9995472888111655
425536000000 2.674646289441899 -0.22715821867561287 -0.001002381438258055 -0.00013875392250611415 0.0038578794050757813 0.03374425535463939 0.9994230449336287
426536000000 2.7637099035396924 -0.18791351406317677 -0.0010037112522482475 -0.00013796249270221588 0.0038685448296040485 0.0337181799109813 0.9994238838804798
427537000000 2.5038124783924767 0.011601757234041915 -0.0010026647663495397 -0.00015537807742291328 0.0038597677322684235 0.038670596354936214 0.9992445461588768
428503000000 2.396927504653216 0.13201902021455086 -0.0010030442768811342 -0.00017606036470817283 0.0038612819505112967 0.04312433879923373 0.9990622357528962
429537000000 2.5103950697473323 0.1782311506671353 -0.0010043062930883834 -0.00017608133081235483 0.003871139674647933 0.043384268827961134 0.9990509438918755
430503000000 2.346740221697689 0.2356612485732326 -0.0010027803683575719 -0.00019483754979409922 0.003858908664061054 0.04896936275932136 0.9987928075297687
431536000000 2.421696694569076 0.22221144120587616 -0.0010029593006033594 -0.0002165403048364235 0.003858538395153826 0.05353984235057215 0.9985582356942561
432536000000 2.417477386803715 0.3005429038296151 -0.0010043927061316633 -0.0002153543518670961 0.0038697815664262077 0.05363685473070407 0.9985529861893802
433537000000 2.555302655714609 0.42687015389159777 -0.001002956473944567 -0.00023431654303422952 0.003858107196654434 0.05926398466664438 0.9982348622573991
434536000000 2.479396349451976 0.3524697291220244 -0.0010029069713653645 -0.000256217984993141 0.003855660183634273 0.06373085936392166 0.997959641369143
435536000000 2.4908627440574334 0.47549520820140995 -0.00100468625076559 -0.0002556238487808795 0.0038693496142254047 0.06349678174508383 0.9979745094430158
436504000000 2.4045435261247627 0.3692469431842289 -0.0010031546674961096 -0.0002650940527036923 0.003857659915248901 0.06723132734781644 0.9977299217765158
437537000000 2.5019613604163897 0.4771005542908713 -0.0010026934030219863 -0.0001899103843459146 0.0038578425863483 0.04658265367526956 0.9989069713247549
438570000000 2.5385061097191643 0.3031671339589934 -0.0010022245335377412 -0.00009616535452339919 0.0038594970899934167 0.025738527766666065 0.9996612542370747
439536000000 2.4596263421213163 0.4314284292977271 -0.0010035146116579331 -0.000018043227470037015 0.003868529204582004 0.0017350148371126054 0.9999910118994821
440570000000 2.4824601959640944 0.4830674407489275 -0.0010029005982526637 0.00006430741981701421 0.003864379177639423 -0.01779038998126216 0.9998342684977555
441503000000 2.4636053401038396 0.42172203779006656 -0.0010040305995073946 0.00006052740836637203 0.0038723119115846214 -0.01817425563714747 0.9998273340777036
442537000000 2.512784031394329 0.47260028991369174 -0.0010042160493992681 0.0000723746007483355 0.0038726932322288507 -0.02251049539748352 0.999739103269451
443570000000 2.4810017251298255 0.4582693619864635 -0.0010029050961758747 0.00009318136001693982 0.003863442758698888 -0.025922353757296464 0.9996564893517003
444537000000 2.473022315428862 0.3927510853614548 -0.0010039962912366668 0.0000918771876565161 0.0038716536608213105 -0.02655111843903133 0.9996399551669338
445536000000 2.416917673501848 0.07454348971590674 -0.0010043987066881942 0.0001070385807585733 0.003873210602167746 -0.031563923718728494 0.999494224846673
446537000000 2.5349832366838 0.15360631795881569 -0.00100280361526826 0.00005309016830468816 0.003863155270425687 -0.016030870789510487 0.9998640329537415
447537000000 2.631555131803923 0.08565117317911972 -0.0010041012739324673 -0.000030950506486670204 0.0038728561850866873 0.0050984253164768 0.9999795028330971
448535000000 2.5967268348666526 0.20820201511659892 -0.0010039481254704823 -0.00012279771112392142 0.0038705093329622006 0.029788600514814263 0.9995487198519112
449571000000 2.506979735406892 0.36162731407616244 -0.0010023180284111227 -0.0001539093193072394 0.003856920330036696 0.037844123348301076 0.9992761994591324
450571000000 2.615808898507254 0.49674281824455724 -0.0010038991513783915 -0.00010511021171748185 0.003870913161632498 0.02563850075975423 0.9996637796088895
451537000000 2.5817508003295035 0.2898855516522128 -0.0010040066193073537 -0.00003100289929894394 0.003872366176580359 0.005345089327596866 0.9999782166822909
452536000000 2.4492300773376954 0.35919833388586464 -0.001002268322800752 -0.00003477181641336378 0.0038595075045875942 0.007066320372200227 0.9999675845291888
453504000000 2.4712621686688596 0.33131315840128567 -0.0010035531334837249 -0.000038426239698897606 0.0038695846314359727 0.008525113748753105 0.9999561726764704
454535000000 2.5547300826699324 0.1874533078869709 -0.0010041673931200784 -0.00004314862410448677 0.0038735218090207467 0.008564558172426488 0.9999558201792229
455536000000 2.638097379707732 0.22851506347846867 -0.001002304757820243 -0.00004771614236985944 0.0038596054334567153 0.010350711485791501 0.9999389801086893
456569000000 2.6706181523346277 0.19530005638720416 -0.0010034247127066187 -0.00005242712840127909 0.0038683636105461207 0.012004872159467172 0.9999204548656896
457502000000 2.706731252963749 -0.31342022218608195 -0.0010043175935715125 -0.00005617421722862479 0.0038745611742018187 0.012031571063422737 0.9999201097677306
458536000000 2.7794586859602983 -0.3288302099867655 -0.001002360750703802 -0.00006203074510046997 0.0038597892321519628 0.013993857306298851 0.9998946295170111
459537000000 2.7330878362738904 -0.25520476578823736 -0.0010033290265478965 -0.00006816870044838171 0.003867300564366226 0.015921096924664365 0.9998657699971975
460537000000 2.701049787114682 -0.18323207337220215 -0.001004449108731726 -0.00007070017816831265 0.003875432767638423 0.015954992249056294 0.9998651980365558
461570000000 2.6439019627210385 -0.09304865585401773 -0.001002438896115055 -0.00007850919661071496 0.0038600477521156867 0.01820148122333052 0.9998268849900637
462537000000 2.6832187628657866 -0.21044136778943576 -0.0010032646986117208 -0.00008640272985780376 0.0038663694157124065 0.020504072521949454 0.9997822896671675
463570000000 2.721246612436035 -0.15427742738613417 -0.0010045770530940495 -0.00008818206581618664 0.0038761146634963073 0.020567948665376822 0.9997809397296675
464537000000 2.7176273234272816 0.00496813361783862 -0.0010025394682461018 -0.00009778814046223804 0.003860336313016777 0.02313240117583307 0.9997249523028172
465537000000 2.848115830015862 0.02676291521550426 -0.0010032239398996522 -0.0001074482210833314 0.0038654978980108886 0.02588881160800873 0.9996573492024181
466537000000 2.7759795398277873 0.05855463605257216 -0.0010046095374903197 -0.00010990499527921058 0.003875778771782407 0.02602605038183957 0.9996537455345856
467537000000 2.735748767522347 0.1593165337418776 -0.001002666252613242 -0.00012057683185133035 0.0038606172022452603 0.0289647362197041 0.9995729713991711
468503000000 2.8841121049264498 0.23557790681669874 -0.0010031603026186033 -0.00013250585049867061 0.003864173875122194 0.03233528167166619 0.9994695994184498
469537000000 2.8955416969218604 -0.017172859691894943 -0.0010039641424512934 -0.00013296755128213615 0.0038707447123162526 0.03269901386123894 0.9994577400508262
470536000000 2.836037560178667 -0.09435659108364396 -0.0010028228405422092 -0.0001488529827410623 0.0038607759820912715 0.036201861001745037 0.9993370289905282
471570000000 2.5437519874068677 -0.20505612354013017 -0.0010029493260818277 -0.00013044616660303502 0.0038628193634392422 0.03214437503391916 0.999475762969789
472537000000 2.6018756646377437 -0.24948587779041642 -0.0010027953233643395 -0.00003666541113534701 0.00386521642479825 0.010562806143655169 0.99993674094115
473566000000 2.631421136479112 -0.046396192286839666 -0.001003254636761531 0.00004227086658144087 0.0038662230894555287 -0.014118175173922796 0.9998928580912831
474537000000 2.78015173747181 -0.16062115725965206 -0.001003172020830903 0.0000708511263481583 0.0038663323417765577 -0.01950973714921549 0.9998021887407076
475536000000 2.7124916566121193 -0.11857744853084379 -0.0010047381882623482 0.00007243116985631174 0.0038780765542553563 -0.020088221491801107 0.9997906874107506
476537000000 2.762618889497862 0.004419064972247089 -0.0010034351741726837 0.00002989496406888789 0.00386755070157896 -0.0111752831437998 0.9999300746574822
477571000000 2.680557645920569 -0.0845470957739883 -0.0010025707511482004 -0.00001476194274786571 0.0038622258920565154 0.002391027845999035 0.9999896829363208
478537000000 2.939560951951055 -0.18231190766173438 -0.0010043993417694838 -0.000016074867990680872 0.0038764803628965746 0.0032605829606432352 0.9999871705378782
479570000000 2.998911572660031 -0.08841732156703498 -0.001003298660673689 -0.000023236915580426802 0.0038668234088271134 0.00300803531794569 0.9999879993581406
480536000000 3.0958214153074977 -0.07404132021949147 -0.0010024627939259935 -0.000023211043732859966 0.0038613541364972714 0.004560362044933834 0.9999821460923686
481571000000 3.2097643290318203 0.044529503711211706 -0.0010037831943825529 -0.000025502253704573555 0.0038718908306951925 0.005918227818629109 0.9999749908825305
482536000000 2.9752347804657653 0.20548265550997213 -0.00100368935985206 0.000028838475602356886 0.0038695137852780737 -0.01086446621955804 0.9999334924909616
483571000000 3.0588599236931167 0.15785088354970833 -0.0010029946758829296 0.00004669272444070734 0.003865166108714242 -0.013541909095108655 0.9999008325873128
484535000000 3.0108604098541196 0.22575315987598205 -0.0010040988922092667 0.000044095621066405515 0.003873130207303764 -0.01403435523768453 0.9998940112787135
485534000000 3.1006870900961285 0.22530980242521065 -0.0010043648653725624 0.00005370649907470484 0.0038740414245341044 -0.017835799135041477 0.9998334227199386
486504000000 3.1197336576350665 0.2578378890291235 -0.001002894740323071 0.00007255572178756948 0.0038638177223598203 -0.02056655954066752 0.9997810171617262
487536000000 3.2345336559271693 0.15354851902766506 -0.001003582392377321 0.00007297559838574132 0.0038688487547601197 -0.021540988903981956 0.9997604775549559
488570000000 3.285788740243868 0.17328229940621714 -0.0010045539100282871 0.00008360150415234327 0.0038748895540842185 -0.025643038323652122 0.9996636498479194
489536000000 3.3053712035254073 0.17982480788435068 -0.0010028904493412788 0.00010547920653231923 0.003862904535229578 -0.029296688885319052 0.9995632900737429
490536000000 3.4500481230423343 -0.04964724941632543 -0.0010031897929822613 0.00011133156320613004 0.003864946856361557 -0.03127570758845288 0.999503316605764
491536000000 3.3681548341876493 0.23086313279107815 -0.0010047335154974475 0.00012063318259214303 0.0038752533674336342 -0.03522829923797515 0.9993717700594574
492536000000 3.4591712161881443 0.2846386447964466 -0.001003080849774081 0.00014766362359444285 0.003863191929520947 -0.03980210729542866 0.9992001031817466
493570000000 3.3974115461408907 -0.000022451606481010966 -0.001002616694035393 0.00015261581263908695 0.0038586214827415854 -0.04364933542650231 0.9990394503048873
494537000000 3.5624296463065814 -0.18902629766189388 -0.0010048798916141716 0.00016737314561078736 0.00387467291733979 -0.047199896865012775 0.9988779348008173
495536000000 3.4314403374867215 -0.18231494565487066 -0.0010029610742351355 0.00019677876544952033 0.0038595706116408865 -0.05342800045017055 0.99856422615709
496537000000 3.499136135118386 -0.21106161176704807 -0.0010012360752337177 0.00020360959393065178 0.00384361310384555 -0.059107447342202316 0.9982442060188128
497570000000 3.4341933923151693 -0.07817285352495129 -0.0010047733562778237 0.0002259663304754258 0.0038712215705588855 -0.061754441545143555 0.998083839931404
498503000000 3.4145491212813415 -0.4246788229662147 -0.0010030357343142511 0.00025829752402846705 0.0038563528928682944 -0.06960648033708548 0.9975670402132569
499571000000 3.50737680151005 -0.5599459160241518 -0.0010012259149032414 0.0002719308598815274 0.0038401251889054965 -0.07561272660624486 0.9971298285916986
500504000000 3.523806631852654 -0.2416639083090436 -0.0010050751969717837 0.0001892398049615471 0.0038753093829011543 -0.05259570434912372 0.9986083506808375
501536000000 3.5048249464265506 -0.2517002383723556 -0.0010028619714271061 0.00012682209359897545 0.0038617266185355186 -0.03537458869478634 0.9993666541657046
502570000000 3.448173694418072 -0.28620788444781586 -0.0010038707764506542 0.0000540801378998052 0.003870789850819868 -0.01712288785057186 0.9998458985128289
503536000000 3.5349297321422757 -0.24981546205369354 -0.0010043364641124132 -0.000017495053062083313 0.0038756775045365945 0.003092612245565192 0.9999877072080949
504537000000 3.635988980642802 0.07701984648795143 -0.0010024277668531298 -0.00002454433415382574 0.0038609368184528434 0.0046608575766786215 0.9999816843178226
505536000000 3.707408114055566 0.12173957509544184 -0.0010031516071032469 -0.000030773074878751045 0.0038660892175763476 0.0057103466018730955 0.9999762218917339
506503000000 3.606486417439374 0.05036092438239481 -0.0010042551707597734 -0.000029335809859303652 0.003875165526557917 0.006435746719009774 0.9999717812997129
507571000000 3.579512338526781 -0.04869662845244482 -0.0010025485475818573 -0.000037817354510809584 0.003861768249125027 0.00813640635433583 0.9999594412812326
508536000000 3.611156746739189 -0.09772612333582559 -0.0010030662631260907 -0.00004579964322146761 0.0038651830992577985 0.009409850514387016 0.9999482551488846
509570000000 3.459094705759183 0.05286840272124585 -0.0010042630111325897 -0.000045421123182225106 0.0038748089601220227 0.010009409683298455 0.9999423960960131
510537000000 3.5100218694333094 -0.1009119456738556 -0.0010026888415721191 -0.00005274880664786496 0.003862699465007582 0.012072947369870756 0.9999196571286169
511536000000 3.569398872401143 -0.0005588780931250759 -0.001002982000661897 -0.00006290907400800252 0.0038642430906189193 0.013734638628567119 0.9998982065038059
512537000000 3.5495432211380926 -0.05193441573533232 -0.001004388928268398 -0.00006146950985367706 0.00387538631377876 0.01404656143742941 0.9998938302210905
513536000000 3.6431118815422074 -0.35598963354996416 -0.0010028566599907633 -0.00007081588940957684 0.0038637283095226387 0.01682233798304742 0.9998510266701955
514504000000 3.565135825380608 -0.24181655624492954 -0.0010029166972454276 -0.00008387814753922813 0.0038633050052723178 0.019085925649092606 0.9998103796625688
515536000000 3.58858345035571 -0.23356385138102095 -0.0010044252545110093 -0.00008168995845743166 0.0038754325137376946 0.0192642431645088 0.9998069130011459
516569000000 3.597613887599101 -0.18440837019829742 -0.0010030464144482228 -0.0000933091064857135 0.0038647387544525585 0.02271164313243415 0.9997345829538935
517570000000 3.6439973998289563 -0.04381840042719569 -0.0010028370063866476 -0.00010916832923239644 0.0038620317964242167 0.025613624022371103 0.9996644512320721
518536000000 3.57209692639689 -0.21457300261258472 -0.0010042069408514147 -0.00010739960575369467 0.00387316016930397 0.025733306127442634 0.9996613346785895
519536000000 3.630867638408276 0.09177637508922591 -0.0010032046165032345 -0.00012082227298536117 0.0038652094642669835 0.02983137483978373 0.9995474649224738
520503000000 3.7232481143873244 0.015582885416969852 -0.0010026863127054475 -0.00013896360173023948 0.003860006970706475 0.033472737630995626 0.999432167218361
521504000000 3.638960144036778 0.0775171494660762 -0.0010036455157141494 -0.00013752582929042894 0.003868495101708452 0.03400164787674763 0.9994142803532277
522570000000 3.75747640447811 0.037581863696840634 -0.0010033692552633526 -0.00015468531527380617 0.003865241656299124 0.03855912528010386 0.9992488327924256
523570000000 3.8974338756668203 -0.033271883112828415 -0.001002569400673864 -0.00017565367872157504 0.0038576971951794644 0.04310887745349164 0.9990629169390861
524537000000 4.039785827067162 -0.08902271799499814 -0.0010033182685587755 -0.0001761143971076981 0.0038641560684380496 0.0447356718478911 0.9989913698055233
525536000000 4.146855315439717 -0.1733756030401951 -0.001003707590006505 -0.00019444706313312784 0.0038660680239036445 0.04884453068315869 0.9987988924356676
526536000000 4.2344893810838755 -0.019265025626358324 -0.0010023994458381418 -0.00021115618787379315 0.003854969961787779 0.05291361788121937 0.9985916300782709
527536000000 4.327637131217243 0.2621735216014994 -0.0010029408603172835 -0.0002286266551872612 0.0038577423313530717 0.056742193789543115 0.9983813845409515
528504000000 4.417988034289314 0.2158378757928166 -0.0010030496600957547 -0.0002279702828545457 0.0038596325040449824 0.058590834008437155 0.9982745942057624
529504000000 4.512967606741164 0.3560026843119808 -0.0010040137605816513 -0.0002422228599760481 0.003865889462438309 0.06147173025581733 0.9981013087888956
530536000000 4.576166732757361 0.20509723234021462 -0.001002597566436638 -0.0002592814952206653 0.003853655150417439 0.06555527825542819 0.9978414641654962
531571000000 4.65357306133491 0.31004453256683273 -0.001002593781566384 -0.0002769303056234723 0.003851959782660564 0.0693765781567889 0.9975830672774542
532537000000 4.6844287875533475 0.3856789196998613 -0.001003820747052693 -0.000290079776067637 0.003860590380559631 0.07302054469116077 0.9973229225023574
533536000000 4.729743449374059 0.7092519624013285 -0.0010040842530999947 -0.00029339515385434377 0.00386236658893223 0.07357736077648779 0.9972819902238198
534570000000 4.806197696816714 0.6248852097486748 -0.001003314794237091 -0.0003404987028802301 0.003853129743713625 0.08699143137648921 0.9962015500484231
535535000000 4.550462976660606 -0.24278487912541258 -0.001002616938313064 -0.0004524944548571731 0.003835528100558563 0.11492847436964837 0.993366261633655
536537000000 4.630284322452397 -0.152986400756313 -0.0010036111385434282 -0.0005677981017897188 0.00382754865652675 0.14368476436744476 0.9896159436696993
537504000000 4.6711540166706715 0.2763440709094107 -0.0010037007933388388 -0.0006627261221883191 0.003812419704054328 0.16765891314187686 0.985837468903557
538504000000 4.71012354878463 0.3874185830036111 -0.0010028959716068438 -0.0007662435334185779 0.0037882882951991536 0.19701824161916898 0.9803922042794561
539536000000 4.819738857392339 0.2526007404885978 -0.001003616067962506 -0.000872197967185236 0.003771051140679556 0.2245690519708168 0.9744504909644867
540570000000 4.8995892090675 0.15963018066765633 -0.001003270347633308 -0.0009589634079129823 0.003746683386047585 0.2461352686974619 0.9692277710920252
541503000000 4.8909582347036995 0.5293939359917622 -0.0010035148688306537 -0.001066352282642366 0.0037181984503673222 0.27205639516226143 0.962273534783332
542535000000 4.9883004637633 0.5619960898904748 -0.001002789898788884 -0.0011566154700355716 0.0036866182348062127 0.29774239420757903 0.9546384330091596
543503000000 5.0415749386957405 0.5108950542110554 -0.0010040203699736502 -0.001264721414904376 0.003660995734960761 0.3249905190668436 0.9457093422963712
544504000000 5.120140804668813 0.6209455692633086 -0.0010034481060800897 -0.0013620519884613455 0.003619139523099003 0.3487335545300576 0.9372139321352007
545537000000 5.252030914333739 0.28534295666199827 -0.00100404026857372 -0.00143878753676463 0.0035957533927755843 0.3693813996776707 0.9292698112066954
546537000000 5.341726162764999 0.33203130250775426 -0.0010038312071413667 -0.0015252469768511194 0.003558524100071961 0.3922580037846618 0.9198470900072256
547537000000 5.3663590390358 0.602687933973006 -0.0010037565739085888 -0.0016091844348671378 0.0035203500916419403 0.41356480151071057 0.9104664588067445
548536000000 5.433755745047328 0.8329549370208991 -0.0010032964424567421 -0.0016944207459987956 0.0034759757803219764 0.43563890394983357 0.9001132105996988
549504000000 5.477655841650387 1.1053400669904583 -0.001003231556958046 -0.0017744692128114285 0.003435276992569961 0.4564669108587111 0.8897319874108734
550537000000 5.533473751790421 1.320600690447651 -0.001003319375955724 -0.0018526407937592547 0.003394645551454343 0.47679199349307166 0.879007644474479
551504000000 5.584585955789436 1.5129361174013076 -0.0010035488801194113 -0.0019287601060175917 0.003354317893827235 0.496669076003482 0.8679313667438042
552504000000 5.638893246191875 1.6759763551550644 -0.001003877892421446 -0.0020028714279236885 0.0033140691952393553 0.516121118108418 0.8565068574704635
553537000000 5.652377182766566 1.9001463372933602 -0.0010039735439558162 -0.00207473635951494 0.003270903188519153 0.5351307117535754 0.8447603908798528
554537000000 5.683668061542761 1.9182713235394042 -0.0010031037164556882 -0.0021455340300458934 0.0032158567970521296 0.5528576041253008 0.8332667787147277
555537000000 5.78186821221586 1.6438684621751138 -0.001002632096162203 -0.002205112140569407 0.0031696544024998486 0.5684114098074824 0.8227354131019805
556537000000 5.807801799933298 1.8257225338164549 -0.0010031343740750341 -0.0022721554612307854 0.003127760851977934 0.5857155722982457 0.8105074477072689
557537000000 6.3535413804714125 1.3343636396842926 -0.001003048432374063 -0.002338212185768682 0.003077782595396158 0.6028819975986962 0.7978210056080721
558570000000 5.869854141396955 2.030002084108977 -0.0010027657435750584 -0.002401157913531317 0.003026097271118251 0.6194782418559169 0.7850043216715957
559571000000 5.914468442432586 2.0222874343963184 -0.0010026831373674272 -0.002462806738200717 0.0029756838511496232 0.6358983239487842 0.7717631770742339
560536000000 5.857078755137735 2.5365850795604565 -0.001002744409087604 -0.002525482992844563 0.0029236818090236996 0.6524131821572557 0.7578536229165733
561537000000 5.931870249148826 2.494253614819474 -0.0010029868771042755 -0.002586955217277459 0.002872128548700948 0.6682105070727018 0.7439622146170773
562571000000 5.908220236302309 2.699328197096912 -0.001003370382243761 -0.0026468838928855767 0.002821572105278833 0.6836736665251375 0.7297776034084544
563537000000 5.96658069267489 2.478838542014034 -0.0010036492094398636 -0.002705503341111114 0.0027688204637170547 0.6987426715871878 0.715362630270907
564469000000 5.945635712995786 2.621721404151071 -0.0010035678929311842 -0.002787227138993265 0.0026841827400134 0.7189680717943905 0.6950323289374026
564469000000 5.929886087039431 2.749204656584068 -0.00100354693232068 -0.002792130915754364 0.0026791472923254566 0.7204935008249079 0.6934508933181958
564469000000 5.929173828001483 2.769992414355535 -0.0010035606438642403 -0.0027951354499378823 0.0026761785561514764 0.7212623735844103 0.6926511486582079
