228570000000 -0.00019118082700768455 -0.24886153700985397 -0.0010024470150144932 -0.000040848491001288075 0.003860845650305105 0.008708954794538105 0.9999546221247502
229537000000 -0.00019118082700768455 -0.24886153700985397 -0.0010024470150144932 -0.000040848491001288075 0.003860845650305105 0.008708954794538105 0.9999546221247502
230503000000 0.0035383933296069775 -0.2487754919158286 -0.009961268015386935 -0.000042486599763937976 0.0038594266382719292 0.009141623217213414 0.9999507656609234
231537000000 0.023184641582360638 -0.24839060650707656 -0.009962455985436975 -0.00004432455564190425 0.003868459625011191 0.009581915954257092 0.9999466085457308
232537000000 0.043763737211674876 -0.24800070057186982 -0.009963499711543854 -0.00004227272008961636 0.0038767524195333185 0.0096203965094044 0.9999462070405071
233537000000 0.06114592396040162 -0.24765226000940074 -0.009963067122642078 -0.000049470965780752625 0.003872914388595316 0.010689191419297327 0.999935367548105
234536000000 0.09464893987719694 -0.24688650776754237 -0.009961335094923961 -0.00005424267729174948 0.003859572334540573 0.011817310699886903 0.9999227229776053
235537000000 0.14380060258190108 -0.2456925914496769 -0.010926024223789164 -0.000052570836386840896 0.003876579178547414 0.012133644952801498 0.9999188687240275
236503000000 0.19278176839895347 -0.24438940360983766 -0.010924029001468556 -0.00006307684727131655 0.00386069706082716 0.014001280235825232 0.999894522032836
237503000000 0.24304419585338052 -0.2429445819408778 -0.01092580987010839 -0.00006136343453966791 0.0038747930211115228 0.014365890668943539 0.999889295571695
238571000000 0.34297018525799877 -0.24064450420691771 -0.011919361087321218 -0.00007257226273629651 0.003862033195908408 0.016320551400893422 0.9998593496261517
239537000000 0.39315183397909 -0.23896177931259785 -0.011920684065952083 -0.00007095639126403578 0.0038726835286483213 0.016766495589054173 0.9998519299942065
240537000000 0.3998074313403197 -0.26089245040703224 -0.012894461031451062 -0.00008320347996991284 0.0038639073307687685 0.018957989562586423 0.9998128114447549
241571000000 0.44989417514955654 -0.2589411100629836 -0.012895287603268817 -0.00008194679159562319 0.0038707584955095607 0.01949706175088219 0.9998024180289199
242536000000 0.4991093976767599 -0.2569146859323917 -0.012894611474635513 -0.00009415086107569275 0.0038649064288448207 0.021966404143309096 0.9997512344193051
243571000000 0.530722158415982 -0.23129544682603795 -0.013873385286093843 -0.00009444821687513124 0.0038692101888916875 0.02259544122751328 0.9997371986316117
244504000000 0.5799269733991542 -0.22897029913432038 -0.013873046768325755 -0.00010656723276782549 0.003866110691322648 0.0253805384354293 0.9996703807257046
245503000000 0.6298007656581078 -0.22637476455230393 -0.013873202421134814 -0.00010815110581393024 0.0038674051136412943 0.02609541904432488 0.9996519697304289
246570000000 0.7173777254939964 -0.22380972446646283 -0.014871535389396406 -0.0001207830966732915 0.0038673552998397336 0.029213238611815445 0.9995657135297497
247537000000 0.7670983745195794 -0.22083656640265564 -0.014871032799580863 -0.00012289864696191473 0.003863556005585159 0.030029850527515282 0.9995415278557511
248503000000 0.7954358345585422 -0.1953428612225341 -0.015864170261858976 -0.00013645777499905737 0.003869889044917676 0.03339922808835957 0.9994345886055562
249536000000 0.8366904746523748 -0.1925351485887701 -0.015862604314070612 -0.00013955422540332696 0.0038577829397376047 0.03421213877387988 0.9994071380553197
250536000000 0.8975157714604007 -0.1882937190145061 -0.015864205071845855 -0.00015515967212600295 0.0038694726405621013 0.03826216384776183 0.9992602313334835
251537000000 0.9170430359204058 -0.19442885091208426 -0.016803280927190512 -0.0001582710059732723 0.0038592605315445477 0.03917000788995783 0.999225095531702
252537000000 0.9661650088824106 -0.19054058425634304 -0.016803996531537604 -0.00016977407968767573 0.0038649884020070225 0.04349635264108793 0.9990460952069911
253537000000 0.9955826495311951 -0.1861615314269983 -0.017760055284332363 -0.00017286763284535432 0.0038574721654701717 0.04289308909327482 0.9990722060658631
254570000000 1.0451838558646414 -0.18301592788802964 -0.017761255599739297 -0.00010254772059100607 0.003870475311994456 0.02699131604828349 0.9996281697525365
255536000000 1.0946275034029909 -0.18027716208029815 -0.017759928621482277 -0.00011511971840855925 0.0038585917627259247 0.027813355199470004 0.9996056799006332
256571000000 1.134289283611264 -0.1775170791920388 -0.018854093419547815 -0.00011777975576660064 0.0038672067930133015 0.030026928803838986 0.9995416021287751
257536000000 1.1831509679646566 -0.17435771274527584 -0.018852962532719834 -0.0001332806047617762 0.003857557726789541 0.03254124064749477 0.9994629403543619
258503000000 1.2333514360433526 -0.17109816998981636 -0.018854477880975447 -0.0001351245492083759 0.0038696368463555647 0.03328300050887617 0.9994384671049837
259536000000 1.2882865073207959 -0.15776410980280728 -0.019822297175456034 -0.0001531649665365006 0.0038570638402520754 0.03766878067675873 0.9992828241100472
260537000000 1.3418557528509312 -0.15370874146033744 -0.019824442563931042 -0.00015356988351886974 0.003873553315156254 0.03783618239316746 0.9992764358789396
261503000000 1.4083913532473367 -0.1498126021033719 -0.020761741544146468 -0.00017463159317181791 0.0038565272981762465 0.04320524929091701 0.9990587585996705
262571000000 1.4601918322013643 -0.1453080321034819 -0.020763971829819983 -0.00017453733530803058 0.0038737245618321084 0.04331311090434463 0.999054021671764
263536000000 1.5068315288608858 -0.14179435688001465 -0.020761851327206447 -0.00012139962625654609 0.0038595184790275253 0.02960819005576937 0.9995541228272045
264503000000 1.5784179259903621 -0.15508552489277022 -0.021828190139651305 -0.00006651685775340236 0.003875162699645887 0.014398463023782922 0.9998888252961484
265504000000 1.6275749419368637 -0.15346145172054299 -0.021826309665629883 -0.00007133851071487718 0.003861419208194914 0.016876543706128625 0.99985012208083
266503000000 1.6383722864543602 -0.14606066711072366 -0.02288421810507779 -0.00007521961042386669 0.003873618010341862 0.01649742295362798 0.9998564019205004
267571000000 1.6859036549938022 -0.14429071343777075 -0.0228828342296903 -0.0000803472820861793 0.003863760670398532 0.019273238036966223 0.9998067849306518
268536000000 1.737681314096557 -0.14229975920350132 -0.022884042253361894 -0.00008455757723065086 0.003872050148437843 0.018852088706099036 0.9998147822617355
269537000000 1.7968810082388424 -0.1402318957521731 -0.023877082071478303 -0.00009106775749156195 0.0038643576522589523 0.021989821069550042 0.9997507220382129
270536000000 1.8469320713828137 -0.13802971109454426 -0.023878002970700807 -0.00009474655740291277 0.0038705142232510876 0.02157190127497777 0.9997598027617034
271537000000 1.8961555298340458 -0.1356989565812938 -0.023877296827029364 -0.00010339634286699212 0.0038656619649840764 0.02509822056314613 0.9996775106459744
272536000000 1.936108463315806 -0.13318215269507938 -0.024830303293937463 -0.00010675964031178839 0.003868378400574879 0.024728907450894306 0.9996867036162951
273536000000 1.98368138230389 -0.13064774550019745 -0.024830004450051707 -0.0001161268645233121 0.003866653359049826 0.02851154993430169 0.9995859778061595
274503000000 2.0154246798140125 -0.1280827987896397 -0.025818560746875295 -0.00006625727039217862 0.0038674912111203545 0.014004828345522403 0.9998944458815232
275537000000 2.0652637410967523 -0.12729861453247765 -0.025818572882893583 -0.000032529790233726925 0.0038691977728720532 0.00727134240718384 0.9999660773396288
276568000000 2.1151248959300837 -0.12657200358959314 -0.025818324866030695 -0.000037984933970004316 0.0038660958018323856 0.0067186980707876496 0.9999699550269645
277503000000 2.1844057017019134 -0.13329901543321926 -0.02682335748974721 -0.00003798128952790034 0.0038706527300970636 0.009010950975151122 0.9999519085272992
278536000000 2.2341816751580303 -0.1323907168431352 -0.02682269340589717 -0.000044465272397692444 0.0038643134620573627 0.008599564853171275 0.9999555553066559
279535000000 2.3045150885991763 -0.12351959201297255 -0.027878782148659707 -0.00004365711387064024 0.0038713855696027775 0.010805675347423788 0.9999341217540854
280571000000 2.3542116519299516 -0.12242342185318175 -0.02787777960837504 -0.000050813704915347695 0.0038624885861213184 0.010563675169559136 0.9999367416825934
281570000000 2.4041576265441416 -0.12131707925894969 -0.027878522551726327 -0.00005524749617913236 0.003869020975046075 0.013147800809549567 0.9999060770683821
282537000000 2.423222640550725 -0.1484148190567935 -0.028814239810423203 -0.000057640642853079495 0.003861131661411231 0.01260572352459825 0.9999130882603102
283503000000 2.473195253755369 -0.1471262337692564 -0.028815785684873252 -0.00006138689218261625 0.0038737359768619513 0.015020531260850449 0.9998796797824591
284570000000 2.5031705115941127 -0.11678569089675281 -0.02976722700024419 -0.0000651068989913116 0.0038602219379597637 0.014774335164608588 0.9998833999362752
285503000000 2.553138056530943 -0.11529985371628312 -0.02976928901293189 -0.00007084098334004186 0.003876270039188814 0.017026321584500948 0.9998475253184556
286504000000 2.602589140224647 -0.11358159236471885 -0.029767165030589758 -0.00007331337678242094 0.0038597182195879804 0.01709737352657479 0.9998463767093958
287537000000 2.6009540263641306 -0.10193375876276861 -0.03080337390919469 -0.00007608456720929577 0.003878380215472199 0.018676471110556536 0.99981805435034
288537000000 2.6521211202533532 -0.10007279567602648 -0.030800995478912546 -0.00004798175651120072 0.0038606007398618455 0.010846795053037124 0.9999337180517296
289537000000 2.7023263305534444 -0.09938624513543198 -0.03080334952685636 -0.000033288597469731076 0.003878765840145834 0.00739391914391481 0.9999651414059991
290536000000 2.7218096267311416 -0.10854972442683405 -0.03187795390528182 -0.00003839944122644 0.0038610311379254324 0.008496567968273088 0.9999564487000399
291504000000 2.772051834280707 -0.10773030460860032 -0.03187929236554176 -0.000040545323100961546 0.0038708317937695626 0.008327834781490464 0.9999578302034308
292537000000 2.731400143791768 -0.1067123744252785 -0.032827076171319435 -0.00004521143679779469 0.003861994699971172 0.010451945705200135 0.9999379179648299
293536000000 2.781641350871876 -0.10569796323737796 -0.03282888179959055 -0.00005177864983466269 0.003874369385677005 0.009841635457789367 0.999944062831692
294471000000 2.83096018049947 -0.10450495088135961 -0.032827247802354194 -0.00005252343970802779 0.0038632856009773128 0.01246304717802347 0.9999148687366799
295536000000 2.861148847814067 -0.10328621544893993 -0.03377736775154398 -0.000058724711065012564 0.00387312443995458 0.01168855109958773 0.9999241837417842
296536000000 2.910491044105223 -0.1019121345831614 -0.03377599686073418 -0.00006071512574739811 0.0038640069466078395 0.014569686410706375 0.9998863885471608
297537000000 2.9589381660766456 -0.10052563717669791 -0.03377711775575022 -0.00006643177808162496 0.00387108577950931 0.013720618029160728 0.9998983722972072
298537000000 3.0295551662274294 -0.11001230477260898 -0.03482194373455255 -0.00006960774222255135 0.0038651603399220314 0.01681251999130912 0.9998511863581754
299503000000 3.079583579881788 -0.10835143763739544 -0.034822723376132 -0.00007492932404527796 0.003869699269035849 0.015962979560458224 0.9998650924483342
300536000000 3.079396911351666 -0.09501984520943604 -0.03586412675896421 -0.00007953238585927683 0.003866904064302183 0.019270877258057127 0.9998068183490558
301570000000 3.1297626291492837 -0.09411721493325842 -0.035864469979703634 0.0000020187191698835 0.003868929125049339 -0.004221425144552583 0.9999836053421571
302504000000 3.179633907176423 -0.09549797451838445 -0.03586412148877783 0.00009260802798992134 0.003867218146282827 -0.023900827707967663 0.9997068502728369
303503000000 3.259912678051461 -0.08924102755832512 -0.03686453731959177 0.0001806144373778331 0.003868546432959716 -0.05105434917806225 0.9986883673884089
304504000000 3.3095123773897175 -0.0944175634092218 -0.03686377236919956 0.0001925338791134645 0.003864003098072848 -0.05102535129499828 0.998689864740794
305527000000 3.3481366066402334 -0.11008013282157604 -0.03778484253916955 0.000218615947434331 0.003865491028126425 -0.06064049550438221 0.998152162994782
306537000000 3.397649850499382 -0.11604386436526773 -0.03778474882620152 0.00022462044695569446 0.0038664468511414303 -0.058673752690528914 0.9982696984681108
307535000000 3.444346245293944 -0.12215597384068094 -0.037784241248908196 0.00024432651847395784 0.0038597920431398623 -0.06664278818126722 0.9977694027646683
308504000000 3.441955513376262 -0.12740801153546794 -0.038802972737097874 0.00015561425432560294 0.0038733587303060295 -0.041685622145624705 0.9991232565518042
309537000000 3.4883969134082946 -0.13094989577111124 -0.03880171045528176 0.00013662986951346482 0.003863846707419552 -0.03791861479197283 0.9992733513274324
310571000000 3.5084124287741187 -0.13478876874954437 -0.03991124089369051 0.00013976336905755914 0.003875062862205836 -0.03778673988327276 0.9992783028981509
311536000000 3.5621271031267434 -0.1392316690025024 -0.03990986382533074 0.00016095601551658205 0.003863237945677197 -0.0442214240164586 0.9990142717417468
312537000000 3.6120659883796646 -0.14369874303000332 -0.03991119367657597 0.00016404123744003936 0.003873840703644422 -0.0438998645015955 0.9990284121812637
313571000000 3.620632243121241 -0.1383616508788514 -0.04078755785144597 0.00018857773680876157 0.0038612450964569884 -0.050980362987543056 0.9986921737023879
314504000000 3.670521608696225 -0.14352144875447967 -0.04078911526130376 0.0001901384812263219 0.0038731603089881485 -0.05103578427079818 0.9986892966285578
315503000000 3.718878488112149 -0.14882637084331055 -0.040787496512678455 0.00021904130835494407 0.003859381868908597 -0.05850065640997712 0.9982798857996174
316537000000 3.6885864349346895 -0.16455429126823867 -0.04173960301969941 0.0001828565070500885 0.0038749728983688255 -0.04920846639760922 0.9987809960062968
317503000000 3.7346373346629087 -0.16838519953257866 -0.04173765637940237 0.00012437646639905752 0.0038625159471479143 -0.03408448282323602 0.9994114835900803
318504000000 3.795551071039762 -0.20533772822485272 -0.04282231493581987 0.000024996332380152077 0.0038810020111578196 -0.00963539202549847 0.9999460467540675
319537000000 3.844092295466157 -0.20566399564070023 -0.042820190016170864 0.0000033875898691713043 0.00386593281288704 -0.002287849310366675 0.9999899100978686
320537000000 3.8943883606690877 -0.20595654886189807 -0.042822237405006916 0.0000019326019058223944 0.0038804120179807846 -0.0038335095800620124 0.9999851231909079
321571000000 3.954448143485194 -0.17125295240923546 -0.043868232929566556 0.000013609341735827971 0.0038661251064877563 -0.00512845423351859 0.9999793757116301
322536000000 4.004688155157327 -0.17180952788482745 -0.04387001466797208 0.000012288302842319154 0.0038787404813322955 -0.006429181711697325 0.9999718100245597
323504000000 3.9840648857745116 -0.16251846739858786 -0.04483337808567527 0.000025022957481226922 0.003867408115004226 -0.008091790616315278 0.9999597819177256
324504000000 4.034230000357044 -0.16335777680930894 -0.044834741819944075 0.00002352798861885334 0.0038768851931754267 -0.009239849963687862 0.9999497959299163
325503000000 4.083579057532508 -0.1643619235537694 -0.044833667396053684 0.00003837669385820123 0.003869476173791453 -0.011553072935114301 0.9999257733387642
326536000000 4.16366229044033 -0.17553960418088746 -0.045778642112141776 0.000036414243841449515 0.003874388851110752 -0.012602162776523365 0.9999130828618992
327537000000 4.213027452930094 -0.17687624618312167 -0.045778066114705446 0.00005185354355876723 0.003870597787585796 -0.015305911579453737 0.9998753646603654
328537000000 4.263011738288293 -0.1784190670914275 -0.04577838986252862 0.000050485189372445685 0.0038723035474989946 -0.016266456182699316 0.9998601927868406
329570000000 4.302400422027279 -0.17011574055353193 -0.046890405726595696 0.00006657722382975364 0.0038722368886357677 -0.019368176118500658 0.9998049185230058
330535000000 4.352285047729659 -0.1720558614022829 -0.046890174072610605 0.00006619683932462246 0.0038698860376214844 -0.02023365850713919 0.9997877868145073
331570000000 4.371659690346143 -0.17413952161445195 -0.04791709634598017 0.0000838372328620087 0.0038732926522946167 -0.02395264644857725 0.9997055873123134
332571000000 4.4212738635444415 -0.17634011142711276 -0.047916267883759606 0.00004818049623299343 0.0038673557371833246 -0.01512710925912023 0.9998780984718609
333536000000 4.470147080583317 -0.17675797241252006 -0.04791736088208057 -0.000028546228195319212 0.00387577053597148 0.004474751372010526 0.9999824769404831
334503000000 4.519595136090054 -0.18530363332383415 -0.048751353088700315 -0.00007768693192929174 0.0038615300394385047 0.018346185887403957 0.9998242345601951
335535000000 4.569175796723934 -0.18383173559804783 -0.04875313898735055 -0.00004043179070533621 0.0038757117137350736 0.008654294783430352 0.9999550391921548
336570000000 4.548862534725307 -0.18349668507681707 -0.04968165929620398 -0.000018696606578592773 0.0038606195694293054 0.002892214808550674 0.9999883651125538
337536000000 4.598226610891545 -0.18319894413043128 -0.0496829540934968 -0.000019897454343584307 0.003870524882168766 0.0036182164342194903 0.9999859634770195
338571000000 4.647749600539433 -0.18278283303678966 -0.0496815585348816 -0.00002518744429138893 0.0038597890859349776 0.004522801569779156 0.9999823226736386
339503000000 4.727655717918022 -0.1823237615241809 -0.050786129709898736 -0.00002572931445900691 0.003870239798981808 0.005194448866403873 0.9999790189213347
340537000000 4.776682330766994 -0.18173237809740228 -0.05078475360858389 -0.000032372101429227425 0.0038593591394996095 0.006356906129929782 0.9999723466394131
341536000000 4.827041302617393 -0.18108518788398337 -0.05078622292577098 -0.00003400169734314818 0.0038708359711536293 0.006826548201734647 0.9999692063820858
342536000000 4.885655454598592 -0.18030501873207555 -0.051762672900344635 -0.0000404413023660055 0.0038593109666636154 0.008396338068821488 0.9999573018836343
343503000000 4.936039033817112 -0.17944345926438307 -0.05176481744469982 -0.00003924142466854896 0.00387601311896648 0.008643156615376683 0.9999551344066064
344536000000 4.954672126056502 -0.17846611632307913 -0.052698528447945765 -0.00004932889195207601 0.0038596453315322596 0.010639854150586018 0.9999359450525966
345536000000 5.005017543522207 -0.17737248101695013 -0.05270075286341652 -0.00004809868949323765 0.0038769475312863447 0.010866283295920173 0.9999334432109412
346537000000 5.0537067913283575 -0.1761901839168511 -0.0526986499350182 -0.00005894677218557561 0.0038603795439915286 0.013038037541357718 0.999907547512331
347537000000 5.063291190337426 -0.19448023712999143 -0.05361811173337476 -0.00005790529086370621 0.003875327387359457 0.013292228791559986 0.9999041429749008
348536000000 5.112067737947816 -0.19307216810271696 -0.053616379572279604 -0.00006920036066236623 0.003861569559457623 0.015625046586178793 0.9998704623155078
349537000000 5.172279062043599 -0.2014663743268352 -0.05473025197696227 -0.00006847270002699754 0.0038732184271247656 0.01593272715391757 0.9998655618111586
350536000000 5.221149946542786 -0.19981354612461658 -0.054729027326414006 -0.00008033333316134379 0.0038632661329061173 0.018394264568817986 0.999823344272534
351536000000 5.271265540953427 -0.197927198551774 -0.05473002523345258 -0.00007980090641984226 0.0038712257118158214 0.018773384548310342 0.9998162667590005
352570000000 5.340202838944142 -0.19600608660441785 -0.05570547085004237 -0.00009173230178831398 0.0038647506328328626 0.02144138061597478 0.9997626330709765
353504000000 5.390215879254015 -0.19381157640497068 -0.05570607884723169 -0.00009227617274615891 0.003869582156081881 0.021904061654102084 0.9997525843437958
354537000000 5.439259480667131 -0.19159885925439907 -0.05570564063164739 -0.0001034749887701045 0.0038658855156985623 0.024687799614394202 0.9996877296297608
355537000000 5.519168082583729 -0.18907612932380682 -0.0565907965935934 -0.00010550672196754434 0.0038682911979918784 0.025232709175970567 0.999674114688972
356536000000 5.5683102762191075 -0.1866513974732675 -0.05659073998103461 -0.00008954290976820346 0.003868319628907851 0.021211484636788958 0.9997675234797434
357571000000 5.636961666786977 -0.17573120769973885 -0.05765110765616557 2.2126166567775785E-7 0.0038667905577834012 -0.0027710190461726833 0.9999886846280707
358504000000 5.688091991565629 -0.17700420849696746 -0.05765199580442472 0.00006144603506379988 0.0038734590210601026 -0.01792814420196392 0.9998317729423638
359571000000 5.73793584900121 -0.1788068409488906 -0.057651477322391814 0.00006109605801055407 0.0038688489031910374 -0.018952395825981877 0.9998128999807371
360537000000 5.788026906747701 -0.1588593132962042 -0.05889711147170004 0.0000766944146451008 0.0038732174383430368 -0.022408870887346707 0.999741383963971
361571000000 5.837769478651363 -0.16110174479748676 -0.05889619719228759 0.00007915830728422853 0.003866434201355499 -0.02334279522878513 0.9997200399769107
362537000000 5.857348264023781 -0.15345791645326368 -0.05979424350017684 0.00009019135460834264 0.003870780166430734 -0.026330545872462516 0.9996457929089088
363537000000 5.906823543892662 -0.1561884101219172 -0.059793397857452524 0.00009935270448865008 0.0038643700618393407 -0.02834205095782232 0.9995908087415417
364571000000 5.956641407750068 -0.15904922253790038 -0.05979394144940062 0.00011114449381323692 0.003869025518737745 -0.03010781539371966 0.9995391626848118
365535000000 5.91572643389963 -0.1723019572634451 -0.06072461968346041 0.00012177050615042396 0.0038625744270734037 -0.033970839577704866 0.9994153529684868
366504000000 5.965824442577374 -0.17573970775232686 -0.06072608801162634 0.00012190096653172038 0.003873725676070006 -0.03419281923623295 0.9994077398650759
367536000000 6.014454000452047 -0.179548783925425 -0.06072451104563044 0.0001465520526701985 0.003860964640715482 -0.0402607540096662 0.9991817368032265
368537000000 6.015329509108884 -0.14033534815594942 -0.061665724688713466 0.00012599087269737718 0.0038783445483049697 -0.03455009446598902 0.9993954340211165
369571000000 6.063080881694363 -0.14311058740817237 -0.06166342975514283 0.00006281780611072493 0.003862387475658521 -0.018454264871561092 0.999822243263752
370504000000 6.103072184958525 -0.1537515182012207 -0.06282459266045533 -0.00003330750515552583 0.0038793442172143228 0.004887801946304676 0.9999805292960399
371537000000 6.151887478451907 -0.153190829655721 -0.06282192384311433 -0.000032741650637334886 0.003859672508805779 0.0062656284547422635 0.9999729215114658
372537000000 6.202250818350456 -0.1525263862854564 -0.06282405144395169 -0.00003059973089452949 0.0038764431320471608 0.006625561975790861 0.9999705366563584
373536000000 6.13147157475225 -0.1417730031630161 -0.06381273355630156 -0.000040899882022674966 0.00386038775349912 0.008224209967687602 0.9999587282003192
374536000000 6.181778846753787 -0.14090459389329008 -0.06381467316843072 -0.00003853404824319076 0.0038758153267779596 0.008660192945431104 0.9999549878013648
375470000000 6.281044004375828 -0.13996052716707033 -0.0646239382810322 -0.00004940183435506993 0.0038615554161935475 0.010274693284499491 0.9999397564989283
376536000000 6.331280091974904 -0.13888011809984996 -0.06462546437589968 -0.00004695212921226109 0.003873912185102013 0.010800082344139835 0.999934172243973
377503000000 6.380569353750177 -0.13772860734351017 -0.06462419015277332 -0.00005875591603813662 0.0038632453306625078 0.01253680250270552 0.999913946530533
378504000000 6.449161277154103 -0.2064699670494421 -0.06556896688609819 -0.0000564907978612149 0.003871933963025856 0.013159620015773206 0.9999059102421669
379537000000 6.498475791008401 -0.20508685545430125 -0.0655681186370761 -0.0000682834947683712 0.0038645981971821464 0.015059825829701284 0.99987912362651
380504000000 6.548531675660851 -0.2035172327319759 -0.06556878147396124 -0.00006720822518006605 0.0038702654443893143 0.015779664009046984 0.9998680006541893
381503000000 6.54857337849447 -0.17638988492444982 -0.06673081224656097 -0.00007900069333480071 0.0038658152012820265 0.01802456011555955 0.9998300677937029
382536000000 6.598526397038042 -0.17452201009464752 -0.06673117006566893 -0.00007966471766393724 0.0038689237906565296 0.018834466432839817 0.999815126889179
383304000000 6.667854696480521 -0.17257854581823645 -0.06767765452284832 -0.00009144090697074026 0.0038669812157652926 0.021383258312827 0.9997638693005285
384570000000 6.7177013793208395 -0.17037640904361023 -0.06767757039341485 -0.00009255449346656926 0.003866634063186162 0.02227072485349211 0.9997444950532047
385536000000 6.757217276762944 -0.16860168852116997 -0.0676779977952655 -0.00010036970000282884 0.003869823203489529 0.024829797929713678 0.9996841978990498
386537000000 6.706786150419116 -0.16554217610352484 -0.06850276310219017 -0.00010683329384355794 0.003863989018511909 0.026002036844469983 0.9996544164137179
387503000000 6.756129665714443 -0.16292241716647707 -0.068503576427989 -0.00012043454261946311 0.0038695977548990775 0.02909170737529077 0.9995692493623074
388503000000 6.745761226189426 -0.14995908719422127 -0.0694274773953631 -0.00012280423250822539 0.003861456134482705 0.030088674726104044 0.9995397669572075
389537000000 6.794845492604729 -0.14697659935581442 -0.06942887670727814 -0.00013082631680214754 0.0038715295649047435 0.0319142688626156 0.9994831032019839
390536000000 6.844870845795885 -0.14497238540852825 -0.06942731986323337 -0.00003801613088822952 0.0038617521541578245 0.00766905969551338 0.9999631347947084
391537000000 6.884805133702557 -0.15535408563405073 -0.07083793290776928 0.00004086185718096798 0.0038755352793872597 -0.0119484944408136 0.9999211029062266
392535000000 6.934375247580585 -0.15658211223374066 -0.07083653274885315 0.00004127085859956938 0.0038643742348692567 -0.013013212694551343 0.9999078563567023
393537000000 6.984457778308197 -0.15792723416618118 -0.07083741003776375 0.00004689753093284563 0.0038711657547062014 -0.01442782644031575 0.9998884186250631
394536000000 6.9537461679646695 -0.1495176279687776 -0.07184848511845443 0.000056207962371278926 0.0038633371099393785 -0.016739326468216246 0.9998524223186291
395537000000 7.004022099870011 -0.15123457565639403 -0.07185000433534248 0.00005468993803991919 0.0038744650388241055 -0.017294846126160626 0.9998429245772288
396537000000 7.01301133405935 -0.16321560138800334 -0.07268345404485185 0.00007290665176999682 0.003862604659089632 -0.02096228526805822 0.9997728029738598
397571000000 7.063319483139972 -0.1653637250295513 -0.0726855461081128 0.0000794436627369664 0.003878978604458563 -0.021628347627584768 0.9997585517476663
398504000000 7.112167210050323 -0.16776261239239657 -0.07268343806822343 0.0000912691938548403 0.003862136760433276 -0.025641106914645724 0.9996637480702047
399537000000 7.152485967981238 -0.170388029666822 -0.07368170855398415 0.00009722291509566466 0.0038776863198959725 -0.026576297705020527 0.9996392621825152
400570000000 7.201185278954973 -0.1732554587983862 -0.07367972725429228 0.00011193229438103817 0.0038619158154068506 -0.030948628919643676 0.9995135093861365
401503000000 7.291442682286706 -0.17641476881051701 -0.07488127569910215 0.00011154257061071349 0.0038790900037668184 -0.031937921866870694 0.9994823206869761
402537000000 7.340028975482796 -0.17980868619479545 -0.07487903005440638 0.00013533689008552924 0.0038619217681993222 -0.037023304897711405 0.999306930896926
403537000000 7.390190588546054 -0.18356745156510776 -0.07488113368671823 0.00013477507405221657 0.0038771896673931326 -0.03807332811421667 0.9992674171222985
404571000000 7.38868812678412 -0.1875560157529751 -0.07556334838293627 0.0001609934038781732 0.0038621959879249837 -0.043734216005736425 0.9990357230217738
405536000000 7.438734095703922 -0.19197859846072635 -0.0755651027225385 0.00016087284901675905 0.003874846335131629 -0.044819357502524124 0.9989875799422466
406504000000 7.487116277279225 -0.19660355752261194 -0.07556356034559963 0.00018896939376936668 0.00386240842306487 -0.0512319110643563 0.9986792965614314
407503000000 7.487019787385012 -0.19177240252539904 -0.07647434348619225 0.00019018753966452208 0.0038719475962182173 -0.05233104553513989 0.9986222676886947
408536000000 7.534806535182643 -0.1964854324519795 -0.07647326479018729 0.00015624670822554813 0.003865647002614041 -0.04305297960151317 0.9990652998216127
409504000000 7.543496827205365 -0.23992063659192991 -0.07764870699003484 0.00006238644108321869 0.003874419866265855 -0.01854163279511388 0.9998205803202508
410503000000 7.5922345680846846 -0.24086255224829073 -0.07764830292085162 -0.000012508158933562086 0.0038715799320586334 0.00032998292905246933 0.9999924508833266
411537000000 7.641690711683179 -0.23953764181707304 -0.07764819244111967 -0.00010481065560523378 0.003870328413831467 0.02591304661172695 0.9996567028675364
412503000000 7.731708909164297 -0.20583350064546213 -0.07852066028467646 -0.000131375985194559 0.003868277188311253 0.031119852501311 0.9995081660257916
413536000000 7.781411960616266 -0.20262707338896607 -0.07851989228913614 -0.00013036213942540758 0.003863653005222145 0.03295260283909653 0.9994494390199519
414537000000 7.790629366045724 -0.19939837865380808 -0.07945357686869615 -0.0001425307106731797 0.0038642809456526403 0.03546735961916271 0.9993633540506749
415536000000 7.843519189086589 -0.19550884218928608 -0.07945335437906464 -0.00014803085198680658 0.003862800699691472 0.037452775657995464 0.9992909218306415
416504000000 7.902479952637005 -0.19103727929706116 -0.07945367487578381 -0.00016887500367403202 0.003863254309117426 0.040892983852805535 0.9991560491830045
417537000000 7.942296809668679 -0.18600542184146485 -0.08016314517331737 -0.00016512417466302417 0.0038692150293993047 0.04230008544985289 0.9990974450372688
418537000000 8.000837896373747 -0.1808518856668203 -0.08016203796283272 -0.00019119914646631897 0.003858148323344202 0.04676379724755417 0.9988985060562415
419537000000 8.060724902815933 -0.17515726484486796 -0.08106274206215006 -0.0001895943828712977 0.003871380442874859 0.04649325247855723 0.9989110841017841
420570000000 8.119079117944679 -0.16919178585675348 -0.08106087777137891 -0.00021038800181975509 0.0038566065934257186 0.0529708493473281 0.9985885896814037
421571000000 8.144655495433996 -0.16329287571031018 -0.08213122240028492 -0.0002061263554785511 0.0038638754730648856 0.0517711149382539 0.99865148056582
422571000000 8.207738728455979 -0.15769935818274106 -0.0821310761938227 -0.0001292063202254632 0.0038658144854703427 0.031879858451938914 0.9994842236919876
423537000000 8.306965141759617 -0.15442383484446554 -0.08350766651475297 -0.0001227090784127881 0.0038628894058733644 0.029117585287944135 0.9995685215406293
424566000000 8.36702437103145 -0.1508467771132752 -0.08350892954939376 -0.0001194524036070077 0.00387356712905606 0.029836196792963416 0.9995472888111655
425536000000 8.465809655161992 -0.13706483838580252 -0.08425126078771047 -0.00013875392250611415 0.0038578794050757813 0.03374425535463939 0.9994230449336287
426536000000 8.52584282271533 -0.13297969712277133 -0.08425259060170068 -0.00013796249270221588 0.0038685448296040485 0.0337181799109813 0.9994238838804798
427537000000 8.584605127095966 -0.12851040119746363 -0.08425154411580196 -0.00015537807742291328 0.0038597677322684235 0.038670596354936214 0.9992445461588768
428503000000 8.662977403918726 -0.1330380338615258 -0.08532849262887858 -0.00017606036470817283 0.0038612819505112967 0.04312433879923373 0.9990622357528962
429537000000 8.682844738840922 -0.12691322834966995 -0.08637606833733552 -0.00017608133081235483 0.003871139674647933 0.043384268827961134 0.9990509438918755
430503000000 8.751311956685088 -0.12036880842185985 -0.08637454241260471 -0.00019483754979409922 0.003858908664061054 0.04896936275932136 0.9987928075297687
431536000000 8.819983752927666 -0.10342619354950387 -0.08695864088331633 -0.0002165403048364235 0.003858538395153826 0.05353984235057215 0.9985582356942561
432536000000 8.88969575963325 -0.09585884803646463 -0.08696034717475307 -0.00021198993999094803 0.003872551991834879 0.05351535216903401 0.998559495214762
433537000000 8.918043669513906 -0.09786890151796242 -0.08779745582977565 -0.00023431654303422952 0.003858107196654434 0.05926398466664438 0.9982348622573991
434536000000 8.98651761550871 -0.08951207789983062 -0.08779740632719644 -0.000256217984993141 0.003855660183634273 0.06373085936392166 0.997959641369143
435536000000 9.026058060493547 -0.07052874498944915 -0.08859855948938451 -0.0002556238487808795 0.0038693496142254047 0.06349678174508383 0.9979745094430158
436504000000 9.094289170962245 -0.0611556951993668 -0.08859702790611503 -0.0002650940527036923 0.003857659915248901 0.06723132734781644 0.9977299217765158
437537000000 9.163267401867115 -0.06331667181545458 -0.08978258730033435 -0.0001899103843459146 0.0038578425863483 0.04658265367526956 0.9989069713247549
438570000000 9.233086181007696 -0.05849805320443777 -0.0897821184308501 -0.00009616535452339919 0.0038594970899934167 0.025738527766666065 0.9996612542370747
439536000000 9.263028585583248 -0.0565130731337595 -0.09135847743333687 -0.000018043227470037015 0.003868529204582004 0.0017350148371126054 0.9999910118994821
440570000000 9.313277893484642 -0.010667789525226193 -0.09241879034919714 0.00006430741981701421 0.003864379177639423 -0.01779038998126216 0.9998342684977555
441503000000 9.383374536405919 -0.013229639813817237 -0.09241992035045188 0.00006052740836637203 0.0038723119115846214 -0.01817425563714747 0.9998273340777036
442537000000 9.392280477514724 -0.05369489946602987 -0.09325931446077697 0.0000723746007483355 0.0038726932322288507 -0.02251049539748352 0.999739103269451
443570000000 9.461445578851304 -0.05695788360427401 -0.09325800350755357 0.00009318136001693982 0.003863442758698888 -0.025922353757296464 0.9996564893517003
444537000000 9.461414784120299 -0.07064786679847655 -0.09430746134113308 0.0000918771876565161 0.0038716536608213105 -0.02655111843903133 0.9996399551669338
445536000000 9.530677617992119 -0.07486393668078425 -0.0943078637565846 0.0001070385807585733 0.003873210602167746 -0.031563923718728494 0.999494224846673
446537000000 9.629609414551293 -0.029867900511093406 -0.09546225861847733 0.00005309016830468816 0.003863155270425687 -0.016030870789510487 0.9998640329537415
447537000000 9.69895537776279 -0.030495396102643804 -0.09546355627714154 -0.000030950506486670204 0.0038728561850866873 0.0050984253164768 0.9999795028330971
448535000000 9.727852290599905 -0.06684619792345559 -0.09633487331734027 -0.00012279771112392142 0.0038705093329622006 0.029788600514814263 0.9995487198519112
449571000000 9.74392200739222 -0.12134788206641901 -0.09687641167038115 -0.00015399247625983993 0.003857172216207143 0.03781906994194404 0.999277146970518
450571000000 9.815681694493101 -0.11671699727986033 -0.09687795582220757 -0.00010511021171748185 0.003870913161632498 0.02563850075975423 0.9996637796088895
451537000000 9.926305138737673 -0.06510939659869898 -0.09797828490851142 -0.00003100289929894394 0.003872366176580359 0.005345089327596866 0.9999782166822909
452536000000 9.995815188943881 -0.06418578277556215 -0.0979765466120048 -0.00003477181641336378 0.0038595075045875942 0.007066320372200227 0.9999675845291888
453504000000 10.065683379136937 -0.06315086492484116 -0.09917251211954417 -0.000038426239698897606 0.0038695846314359727 0.008525113748753105 0.9999561726764704
454535000000 10.135677824925024 -0.061931723660772056 -0.09917312637918052 -0.00004314862410448677 0.0038735218090207467 0.008564558172426488 0.9999558201792229
455536000000 10.215078765283302 -0.0605431269006978 -0.10032373368138685 -0.00004771614236985944 0.0038596054334567153 0.010350711485791501 0.9999389801086893
456569000000 10.284832152131742 -0.05903428968678008 -0.10032485363627322 -0.00005242712840127909 0.0038683636105461207 0.012004872159467172 0.9999204548656896
457502000000 10.374862846247911 -0.05732969553284449 -0.10115190917644512 -0.00005617421722862479 0.0038745611742018187 0.012031571063422737 0.9999201097677306
458536000000 10.454161330249665 -0.04543206934887986 -0.10189758767713022 -0.00006203074510046997 0.0038597892321519628 0.013993857306298851 0.9998946295170111
459537000000 10.521498663564952 -0.04347197222287248 -0.10189865601819995 -0.00006775271211861252 0.0038681201403923393 0.015900196440603597 0.9998660994399698
460537000000 10.571517289312222 -0.051222016105294546 -0.10283124921418908 -0.00007115745238549758 0.003874486038755307 0.015922741595209868 0.9998657157811967
461570000000 10.642984500484214 -0.04866989622566645 -0.1028293498748466 -0.00007850919661071496 0.0038600477521156867 0.01820148122333052 0.9998268849900637
462537000000 10.715939055345263 -0.004004620528939434 -0.10403806659174852 -0.00008518874005209374 0.0038688200463838727 0.020441754964515675 0.9997835563902309
463570000000 10.79292935331664 -0.0008309398235265691 -0.10403908007949986 -0.00008818206581618664 0.0038761146634963073 0.020567948665376822 0.9997809397296675
464537000000 10.841190944594956 -0.08315993368880471 -0.10494370711915835 -0.00009778814046223804 0.003860336313016777 0.02313240117583307 0.9997249523028172
465537000000 10.910414864831875 -0.07981087626262107 -0.1049443915908119 -0.0001074482210833314 0.0038654978980108886 0.02588881160800873 0.9996573492024181
466537000000 10.971157217898453 0.010195331408830902 -0.10580487294623153 -0.00010990499527921058 0.003875778771782407 0.02602605038183957 0.9996537455345856
467537000000 11.06922013810463 -0.11668828135120438 -0.10654212576270738 -0.00012057683185133035 0.0038606172022452603 0.0289647362197041 0.9995729713991711
468503000000 11.138224908537484 -0.11249703916229517 -0.10654261981271274 -0.00013250585049867061 0.003864173875122194 0.03233528167166619 0.9994695994184498
469537000000 11.16623220831115 -0.01999325876385818 -0.1075662748116608 -0.00013478706907925882 0.003875066362763469 0.032459839334298 0.9994655194270194
470536000000 11.234823487350512 -0.01505799981597029 -0.10756433666865159 -0.00014856267280250536 0.0038597434006762995 0.03621517827174246 0.9993365505037625
471570000000 11.315969927040475 -0.16329946425812855 -0.10875381680372331 -0.00013044616660303502 0.0038628193634392422 0.03214437503391916 0.999475762969789
472537000000 11.385971003221126 -0.1605121864786994 -0.10875366280100582 -0.00003666541113534701 0.00386521642479825 0.010562806143655169 0.99993674094115
473566000000 11.47633209770595 0.03901093251274175 -0.10986151472569598 0.00004227086658144087 0.0038662230894555287 -0.014118175173922796 0.9998928580912831
474537000000 11.54579181606727 0.03661825636417307 -0.10986143210976536 0.0000708511263481583 0.0038663323417765577 -0.01950973714921549 0.9998021887407076
475536000000 11.535878377852798 0.043765275109601334 -0.11073102615751729 0.00007243116985631174 0.0038780765542553563 -0.020088221491801107 0.9997906874107506
476537000000 11.634954547469537 0.031110426839422042 -0.11165707957269361 0.00002989496406888789 0.00386755070157896 -0.0111752831437998 0.9999300746574822
477571000000 11.704379960995809 0.03091067310768996 -0.11165621514966911 -0.00001476194274786571 0.0038622258920565154 0.002391027845999035 0.9999896829363208
478537000000 11.784466175149884 0.04126104628152679 -0.11278322222468479 -0.000016074867990680872 0.0038764803628965746 0.0032605829606432352 0.9999871705378782
479570000000 11.851892163079995 0.04171609310246563 -0.11278212154358899 -0.000023236915580426802 0.0038668234088271134 0.00300803531794569 0.9999879993581406
480536000000 11.923889651282312 0.0422936060255594 -0.11404755560734398 -0.000023211043732859966 0.0038613541364972714 0.004560362044933834 0.9999821460923686
481571000000 11.993917613358322 0.042938164787975595 -0.11404887600780053 -0.000025502253704573555 0.0038718908306951925 0.005918227818629109 0.9999749908825305
482536000000 12.073649856747208 -0.004095955131601135 -0.11473776499420718 0.000028838475602356886 0.0038695137852780737 -0.01086446621955804 0.9999334924909616
483571000000 12.140809548124459 -0.005710577008424325 -0.11473707031023804 0.00004669272444070734 0.003865166108714242 -0.013541909095108655 0.9999008325873128
484535000000 12.21355890213529 0.03979539048311413 -0.11557596805635778 0.000044095621066405515 0.003873130207303764 -0.01403435523768453 0.9998940112787135
485534000000 12.293085241062144 0.027471375545593014 -0.1165776419970789 0.00005370649907470484 0.0038740414245341044 -0.017835799135041477 0.9998334227199386
486504000000 12.362363353880367 0.024891673010615643 -0.11657617187202941 0.00007255572178756948 0.0038638177223598203 -0.02056655954066752 0.9997810171617262
487536000000 12.391906469828449 -0.02648474817077993 -0.11780364119185258 0.00007297559838574132 0.0038688487547601197 -0.021540988903981956 0.9997604775549559
488570000000 12.461398867019437 -0.029893197409957935 -0.11780461270950354 0.00008360150415234327 0.0038748895540842185 -0.025643038323652122 0.9996636498479194
489536000000 12.578578715615663 0.02539361822587729 -0.11876792427050828 0.0001057794176835669 0.0038630282979672994 -0.029237348394820104 0.999565027040224
490536000000 12.650549430587638 0.021115170236486555 -0.11876821663841537 0.00011133156320613004 0.003864946856361557 -0.03127570758845288 0.999503316605764
491536000000 12.69004179520567 0.026351815086225902 -0.11935636882504354 0.00012063318259214303 0.0038752533674336342 -0.03522829923797515 0.9993717700594574
492536000000 12.758832667764857 0.021245280775599118 -0.11935454913288983 0.00014625943270202445 0.003861609047106394 -0.04009619136142187 0.9991883516244843
493570000000 12.847659028802834 -0.054119374124355725 -0.12010490515249977 0.00015261581263908695 0.0038586214827415854 -0.04364933542650231 0.9990394503048873
494537000000 12.867105939580473 -0.0505715325035538 -0.12114890270431682 0.00016737314561078736 0.00387467291733979 -0.047199896865012775 0.9988779348008173
495536000000 12.935532857448896 -0.05741137934995015 -0.12114698388693779 0.00019677876544952033 0.0038595706116408865 -0.05342800045017055 0.99856422615709
496537000000 13.07392254370548 -0.13546506242093628 -0.12210820174418041 0.00020360959393065178 0.00384361310384555 -0.059107447342202316 0.9982442060188128
497570000000 13.143297371673908 -0.14396908005386638 -0.12211173902522453 0.0002259663304754258 0.0038712215705588855 -0.061754441545143555 0.998083839931404
498503000000 13.201658297336802 -0.09187094031158312 -0.12273918017126102 0.00025829752402846705 0.0038563528928682944 -0.06960648033708548 0.9975670402132569
499571000000 13.269690950914569 -0.10146939357416496 -0.12273737035185002 0.0002719308598815274 0.0038401251889054965 -0.07561272660624486 0.9971298285916986
500504000000 13.268757725946601 -0.12043873341718715 -0.12323480234383785 0.0001892398049615471 0.0038753093829011543 -0.05259570434912372 0.9986083506808375
501536000000 13.336593383650037 -0.12655105662342211 -0.12323258911829318 0.00012682209359897545 0.0038617266185355186 -0.03537458869478634 0.9993666541657046
502570000000 13.425360257358202 -0.11991318849205743 -0.12493912632046984 0.0000540801378998052 0.003870789850819868 -0.01712288785057186 0.9998458985128289
503536000000 13.535870262888501 -0.058249574717503486 -0.12640951757740596 -0.000017495053062083313 0.0038756775045365945 0.003092612245565192 0.9999877072080949
504537000000 13.605343312770596 -0.05769824678132275 -0.12640760888014668 -0.00002454433415382574 0.0038609368184528434 0.0046608575766786215 0.9999816843178226
505536000000 13.6551623494402 -0.056999405520353624 -0.1274207733656677 -0.000030773074878751045 0.0038660892175763476 0.0057103466018730955 0.9999762218917339
506503000000 13.72529615677914 -0.05611469910892514 -0.12742187692932425 -0.000029335809859303652 0.003875165526557917 0.006435746719009774 0.9999717812997129
507571000000 13.774724202666382 -0.05507136227115872 -0.12823085146095817 -0.000037817354510809584 0.003861768249125027 0.00813640635433583 0.9999594412812326
508536000000 13.84445267253571 -0.05388314514948189 -0.1282313691765024 -0.00004579964322146761 0.0038651830992577985 0.009409850514387016 0.9999482551488846
509570000000 13.932291836508565 -0.05252984373937748 -0.12892214641752445 -0.00004342731420827005 0.0038748980451023636 0.01004488842342642 0.9999420400682079
510537000000 14.00396290616476 -0.0508988585208497 -0.12892059622394675 -0.00005274880664786496 0.003862699465007582 0.012072947369870756 0.9999196571286169
511536000000 14.044496857531913 0.014934804290864911 -0.1298852867328529 -0.00006290907400800252 0.0038642430906189193 0.013734638628567119 0.9998982065038059
512537000000 14.154641511400854 0.0069356074701626275 -0.13116332235979308 -0.00006146950985367706 0.00387538631377876 0.01404656143742941 0.9998938302210905
513536000000 14.223918047491809 0.009173095871291614 -0.13116179009151543 -0.00007081588940957684 0.0038637283095226387 0.01682233798304742 0.9998510266701955
514504000000 14.27246344170693 -0.043339255262755005 -0.13209160921321367 -0.00008387814753922813 0.0038633050052723178 0.019085925649092606 0.9998103796625688
515536000000 14.342579058373405 -0.04059799410906183 -0.13209311777047925 -0.00008168995845743166 0.0038754325137376946 0.0192642431645088 0.9998069130011459
516569000000 14.402634924805017 0.02785125933420797 -0.13284412147897992 -0.0000933091064857135 0.0038647387544525585 0.02271164313243415 0.9997345829538935
517570000000 14.4718949789286 0.031141807043204198 -0.13284391207091834 -0.00010916832923239644 0.0038620317964242167 0.025613624022371103 0.9996644512320721
518536000000 14.541078243092523 -0.021035220075533267 -0.13354235781019777 -0.00010739960575369467 0.00387316016930397 0.025733306127442634 0.9996613346785895
519536000000 14.610117338294815 -0.01699614838100219 -0.1335413554858496 -0.00012082227298536117 0.0038652094642669835 0.02983137483978373 0.9995474649224738
520503000000 14.680012476219476 0.04359080937960687 -0.1346294742753099 -0.00013896360173023948 0.003860006970706475 0.033472737630995626 0.999432167218361
521504000000 14.749074394904872 -0.008373267188028319 -0.13584876929147388 -0.00013752582929042894 0.003868495101708452 0.03400164787674763 0.9994142803532277
522570000000 14.817992599659489 -0.0031233487322962217 -0.1358484930310231 -0.00015468531527380617 0.003865241656299124 0.03855912528010386 0.9992488327924256
523570000000 14.877538763818059 0.04959510115453658 -0.13623469196404422 -0.00017565367872157504 0.0038576971951794644 0.04310887745349164 0.9990629169390861
524537000000 14.94708838867859 0.05565226426495935 -0.13623544083192912 -0.0001761143971076981 0.0038641560684380496 0.0447356718478911 0.9989913698055233
525536000000 15.048484924486207 0.08259842785154489 -0.13706795134698063 -0.00019444706313312784 0.0038660680239036445 0.04884453068315869 0.9987988924356676
526536000000 15.127120501967944 0.09064819059032234 -0.13706664320281225 -0.00021115618787379315 0.003854969961787779 0.05291361788121937 0.9985916300782709
527536000000 15.206815380438464 0.14719198019637011 -0.13777238195416447 -0.0002286266551872612 0.0038577423313530717 0.056742193789543115 0.9983813845409515
528504000000 15.276009254503002 0.15629366524624508 -0.1389569599788416 -0.0002279702828545457 0.0038596325040449824 0.058590834008437155 0.9982745942057624
529504000000 15.354959755819841 0.1660078183987373 -0.13895807210735173 -0.00024208435883071337 0.003867047295877498 0.06145327688711604 0.998102440684427
530536000000 15.422457841212017 0.117229024003662 -0.1401028707741809 -0.0002591245935726971 0.003854723098531211 0.06557981393250513 0.9978398478557853
531571000000 15.50029409235325 0.04849099629265862 -0.14045277268227357 -0.0002769303056234723 0.003851959782660564 0.0693765781567889 0.9975830672774542
532537000000 15.578821885328072 0.05955754718994811 -0.14045399964775987 -0.000290079776067637 0.003860590380559631 0.07302054469116077 0.9973229225023574
533536000000 15.67765486313931 0.011550135861738389 -0.14099720694588253 -0.00029339515385434377 0.00386236658893223 0.07357736077648779 0.9972819902238198
534570000000 15.755506231258984 0.02387357657439817 -0.14099643748701962 -0.0003404987028802301 0.003853129743713625 0.08699143137648921 0.9962015500484231
535535000000 15.833228022693284 0.18003177321835612 -0.14166432031666512 -0.0004551643390046629 0.003834945038065491 0.11581502878583814 0.9932632909401792
536537000000 15.90932346868715 0.2000848799187233 -0.140344162282022 -0.0005677981017897188 0.00382754865652675 0.14368476436744476 0.9896159436696993
537504000000 15.984775006016603 0.2246419092171419 -0.1403442519368174 -0.0006627261221883191 0.003812419704054328 0.16765891314187686 0.985837468903557
538504000000 16.058440833523903 0.3140728973158078 -0.13757832840748446 -0.0007662435334185779 0.0037882882951991536 0.19701824161916898 0.9803922042794561
539536000000 16.129796907706886 0.28478592645381656 -0.13380490373667644 -0.000872197967185236 0.003771051140679556 0.2245690519708168 0.9744504909644867
540570000000 16.199952315217757 0.32081659731891543 -0.13380397190494508 -0.0009630095508890534 0.0037416831340921714 0.2481736057428537 0.9687078681586723
541503000000 16.26785642656415 0.3706111522118407 -0.12963541705778714 -0.001066352282642366 0.0037181984503673222 0.27205639516226143 0.962273534783332
542535000000 16.333357569315584 0.4135437989328389 -0.12963469208774536 -0.0011566154700355716 0.0036866182348062127 0.29774239420757903 0.9546384330091596
543503000000 16.38860347295661 0.5237099791727053 -0.124651012500552 -0.001264721414904376 0.003660995734960761 0.3249905190668436 0.9457093422963712
544504000000 16.44953071706414 0.6347010059929257 -0.11862730138874228 -0.0013620519884613455 0.003619139523099003 0.3487335545300576 0.9372139321352007
545537000000 16.520013997695845 0.6538792160225393 -0.11481924038357859 -0.00143878753676463 0.0035957533927755843 0.3693813996776707 0.9292698112066954
546537000000 16.5972831004037 0.7305325844178553 -0.11481903132214624 -0.0015252469768511194 0.003558524100071961 0.3922580037846618 0.9198470900072256
547537000000 16.67921302613663 0.7448805129159835 -0.11016661174187412 -0.0016091844348671378 0.0035203500916419403 0.41356480151071057 0.9104664588067445
548536000000 16.77102839334682 0.8113700450366519 -0.10490576305648318 -0.0016944207459987956 0.0034759757803219764 0.43563890394983357 0.9001132105996988
549504000000 16.81490210563677 0.9621857119537233 -0.1000759928682573 -0.0017744692128114285 0.003435276992569961 0.4564669108587111 0.8897319874108734
550537000000 16.898337177171893 0.9978364865792753 -0.09528137651695319 -0.0018526407937592547 0.003394645551454343 0.47679199349307166 0.879007644474479
551504000000 16.945686082976444 1.0903389299199782 -0.089841274823538 -0.0019287601060175917 0.003354317893827235 0.496669076003482 0.8679313667438042
552504000000 16.998898220758363 1.1853221436033614 -0.08984160383584003 -0.0020028714279236885 0.0033140691952393553 0.516121118108418 0.8565068574704635
553537000000 17.045098876715926 1.3572199856592448 -0.08416640679850068 -0.00207473635951494 0.003270903188519153 0.5351307117535754 0.8447603908798528
554537000000 17.086804665457713 1.5012762035039595 -0.07875549539727872 -0.0021455340300458934 0.0032158567970521296 0.5528576041253008 0.8332667787147277
555537000000 17.103972401163233 1.7070672979598676 -0.07316008459543794 -0.002205112140569407 0.0031696544024998486 0.5684114098074824 0.8227354131019805
556537000000 17.15363681849283 1.7244633529004743 -0.06726705443863577 -0.0022721554612307854 0.003127760851977934 0.5857155722982457 0.8105074477072689
557537000000 17.157751813760534 1.9794931730291758 -0.061389321078036074 -0.002338212185768682 0.003077782595396158 0.6028819975986962 0.7978210056080721
558570000000 17.185186300623112 2.0849325061445674 -0.06138903838923707 -0.002401157913531317 0.003026097271118251 0.6194782418559169 0.7850043216715957
559571000000 17.208222251419006 2.211457188474779 -0.055875992450426085 -0.002462806738200717 0.0029756838511496232 0.6358983239487842 0.7717631770742339
560536000000 17.236767070206174 2.298770282759357 -0.04977357317693649 -0.002525482992844563 0.0029236818090236996 0.6524131821572557 0.7578536229165733
561537000000 17.255869008474384 2.321059272907301 -0.04339585615798017 -0.002586955217277459 0.002872128548700948 0.6682105070727018 0.7439622146170773
562571000000 17.239603098902233 2.6371645154488945 -0.03800654458508796 -0.0026468838928855767 0.002821572105278833 0.6836736665251375 0.7297776034084544
563537000000 17.224640018184516 2.7623881619767126 -0.031556636407024226 -0.002702865685038137 0.002770223550950012 0.6981507065778721 0.7159403685247706
564469000000 17.225605089898373 2.857452798222808 -0.03155665776876517 -0.002787227138993265 0.0026841827400134 0.7189680717943905 0.6950323289374026
564469000000 17.225583532116563 2.8573984334474263 -0.03155663680815467 -0.002792130915754364 0.0026791472923254566 0.7204935008249079 0.6934508933181958
564469000000 17.225572889619958 2.8573705017757796 -0.03155665051969823 -0.0027951354499378823 0.0026761785561514764 0.7212623735844103 0.6926511486582079
