228570000000 -0.00019340818685799257 -0.24884898489971738 -0.0010024478901290886 -4.122357141308268e-05 0.0038608482577623415 0.00880602871630961 0.9999537719362808
229537000000 0.013560303856233191 -0.2485795438258706 -0.0010026752834953571 -4.33962240187927e-05 0.003862608309472808 0.00946302568918682 0.9999477633949793
230503000000 0.033419623624061194 -0.2481948402223553 -0.0010038813873456676 -4.314151682690985e-05 0.0038719543716981795 0.009612949866232779 0.9999462972095163
231537000000 0.05324969748541002 -0.2478148412897849 -0.0010042172182202387 -5.094497245423135e-05 0.0038737546809116874 0.010006517506106077 0.9999424288611231
232537000000 0.07610569898368555 -0.2473224173907583 -0.0010032978834304124 -5.358607503703099e-05 0.0038669051190601063 0.01131554750174425 0.999928498722818
233537000000 0.12011366905931421 -0.2462651993931719 -0.0010030968491534925 -5.3989104479467796e-05 0.003865628926271319 0.012127321655510934 0.9999189877523303
234536000000 0.16963892326604837 -0.24503146766634862 -0.0010036550855028782 -6.018270918090855e-05 0.0038697097542897494 0.013504591373833058 0.9999013189991725
235537000000 0.21936656081905842 -0.24362439223081 -0.0010028009272939203 -6.25308703986073e-05 0.003863257297121183 0.014347156534497314 0.9998896091230878
236503000000 0.26737974871844333 -0.24222186488222922 -0.0010041316969443027 -6.870807983879697e-05 0.003873253016521811 0.015813079343183684 0.9998674610726944
237503000000 0.3169843986865837 -0.2405911516824062 -0.0010025051878356957 -7.177625286539918e-05 0.0038608293487219477 0.016707139517099963 0.9998529693580281
238571000000 0.37003704924509995 -0.23878716312914852 -0.0010042040757975608 -7.914651003908451e-05 0.0038736155837601136 0.018528463394050083 0.999820826389606
239537000000 0.41791672967783033 -0.23695405089703442 -0.0010024275209498806 -8.229157282086461e-05 0.0038600190357936277 0.019413344563690253 0.9998040885763531
240537000000 0.46778036790765704 -0.23500363960883094 -0.0010042840995711615 -8.543267189999603e-05 0.0038745460046028554 0.02100874181956772 0.9997717806387995
241571000000 0.5188614221666242 -0.23274088028239068 -0.0010023717097344745 -9.425886549319189e-05 0.0038593057652206966 0.022487325065209725 0.9997396746582025
242536000000 0.5672974335723611 -0.23055663709100738 -0.001004059028004465 -9.191722849529404e-05 0.003873091916264959 0.02286562538107339 0.9997310407735491
243571000000 0.6179865996635102 -0.22797113441850414 -0.0010023105566567096 -0.00010781368810499557 0.0038584507444481006 0.025938854339618726 0.9996560791440271
244504000000 0.6649639006829716 -0.2255210974745317 -0.001004039411158529 -0.00010663046698830858 0.003871997407612096 0.026041638900590986 0.9996533545731693
245503000000 0.7136576218757074 -0.2227024481484298 -0.0010023436937091276 -0.00012326801748273883 0.0038581435867665963 0.02977510610045206 0.9995491696708905
246570000000 0.7672915422378495 -0.21947953002074921 -0.0010041483553069018 -0.00012198826784426588 0.0038723605352568636 0.029979420149356673 0.9995430077341624
247537000000 0.814189217417086 -0.21637430019892334 -0.0010023956777830377 -0.00013993343929286631 0.0038579355905076335 0.034030725377268485 0.9994133311507851
248503000000 0.8627468195877235 -0.2130332559159509 -0.00100444097071729 -0.00013835378118109667 0.00387405802803733 0.03430402903509962 0.9994039254098344
249536000000 0.9129222576070395 -0.20929770792346963 -0.00100253368748867 -0.00015896281224911217 0.003858176685214611 0.038830888305544646 0.9992383355921112
250536000000 0.9630466092251622 -0.20535750273686285 -0.0010043140470612916 -0.00015724593785544915 0.003872371525493872 0.03918899893994304 0.9992243003322971
251537000000 1.0114979380720304 -0.2012729282657579 -0.0010027414790612053 -0.00018007999992645295 0.0038587471281085906 0.04414637233682541 0.9990176051758514
252537000000 1.0618088454672923 -0.19722502091582902 -0.0010041325930836634 -0.00012195516534845645 0.0038719807401470245 0.02961120730743307 0.9995539851823322
253537000000 1.1105511511710104 -0.1946162649437805 -0.0010029040655559797 -0.0001151847751094489 0.0038626124688892287 0.02759479158827579 0.9996117218373255
254570000000 1.162335841591633 -0.19172360726047394 -0.0010040044610990263 -0.00011562968856495355 0.0038710804232531264 0.027777011449963675 0.9996066421353155
255536000000 1.209130569382675 -0.18890878972921 -0.0010031536994543552 -0.00013275781653755388 0.003864051792257123 0.03226871532371801 0.9994717512218472
256571000000 1.2607953145653004 -0.18553044983411637 -0.001003811342169425 -0.00013417009646479703 0.0038689847910102107 0.03252478059383181 0.9994634318485072
257536000000 1.307655846123814 -0.1822976632309149 -0.001003269068264829 -0.0001516017424621325 0.0038644064111889474 0.037380563633990456 0.999293618934098
258503000000 1.3558112375878417 -0.17864752184494112 -0.001003470290881655 -0.0001545308717263652 0.00386552774287551 0.03772777240194758 0.9992805657096838
259536000000 1.406125049713684 -0.17470912564376057 -0.001003371365934598 -0.0001721966230452841 0.0038644213935617685 0.04287067209293167 0.9990731415016203
260537000000 1.4558052912045123 -0.17038965349270782 -0.0010032481726348283 -0.0001757510497557957 0.003862973875460051 0.04329789694088686 0.9990547225577299
261503000000 1.50275669682305 -0.1664812567122626 -0.0010037461430000318 -0.00016397065887481982 0.0038677956728167275 0.04100792243425753 0.9991513216564758
262571000000 1.5562630993125917 -0.16348300123002252 -0.0010032746739196095 -6.843173772784936e-05 0.0038661467112807465 0.014756284975770194 0.9998836433707765
263536000000 1.6042269417399322 -0.16201579797745538 -0.0010037575940038158 -6.927568136189428e-05 0.0038708449836545307 0.016718201517607084 0.9998527459071208
264503000000 1.6522780672933122 -0.16038513478592117 -0.0010027122168466095 -7.382212220359316e-05 0.003862023415110481 0.01664732979376488 0.9998539622045678
265504000000 1.7020096175625212 -0.15866851254235192 -0.00100403063902171 -7.546061824483407e-05 0.0038729336984603484 0.018960113109817146 0.9998127368668223
266503000000 1.7516105332998297 -0.15674815360007102 -0.0010025222688711949 -8.249744701359432e-05 0.0038605230954768827 0.019100509872781547 0.999810112010376
267571000000 1.8046748510936967 -0.1546611324487984 -0.001004030227898512 -8.633804970029539e-05 0.0038727799330832012 0.02169172200280989 0.999757202183552
268536000000 1.8525471683448158 -0.15254657213930178 -0.001002443794702615 -9.27350685883997e-05 0.003859753063898985 0.021854436479393502 0.9997537083265362
269537000000 1.9023516496452255 -0.1503411548447379 -0.001004194301882571 -0.00010225203588823639 0.0038733792734944074 0.02509844593926611 0.9996774752333668
270536000000 1.9517619503512866 -0.14784957162246412 -0.0010023509026336856 -0.00010441741971940313 0.0038588361711168824 0.02503304741654758 0.9996791710431142
271537000000 2.0015970133255547 -0.14534714722628464 -0.0010039076254649906 -0.00010908644667381571 0.0038715479345687327 0.02789883829399611 0.999603248313341
272536000000 2.0508944756362433 -0.14253594457378327 -0.0010023376139582235 -0.00010796906090768263 0.003858698093450658 0.026058215574951235 0.9996529738828145
273536000000 2.101345201131034 -0.1411182466788445 -0.001004756911779068 -3.0807818439482065e-05 0.0038788590953140814 0.006467680374410111 0.9999715609023946
274503000000 2.149174302305216 -0.14042113506307222 -0.0010023782397686545 -3.391261118216042e-05 0.0038605589942202405 0.007201012200364927 0.9999666196216137
275537000000 2.201045750701447 -0.13969445919747528 -0.001004398968815004 -3.3109941293390764e-05 0.0038764095939420673 0.007472636410884809 0.999964565400926
276568000000 2.2521152347486266 -0.13878114912648282 -0.0010023890026423891 -4.081245417463115e-05 0.0038605846739346553 0.009006793689957927 0.9999519847911427
277503000000 2.2990448297852795 -0.13796272246795893 -0.001004375945922245 -4.631168187996508e-05 0.003874629339608669 0.00859092178909897 0.9999555895966191
278536000000 2.349997423631452 -0.13687520433955194 -0.0010025671327094782 -4.744462533864693e-05 0.0038619924944195308 0.010949043750906199 0.9999325983304682
279535000000 2.400235305612446 -0.1358030772147242 -0.0010042883792619785 -5.2733622838479933e-05 0.0038739433078336318 0.010379346388012314 0.999938627592199
280571000000 2.4512292230630424 -0.1345263430398382 -0.0010026769548957051 -5.482235272034914e-05 0.0038627689402777887 0.012926638919084207 0.9999089848665623
281570000000 2.501430722312476 -0.13325442696514603 -0.0010042227189520324 -6.042785610693825e-05 0.003873287656913746 0.012285839501703146 0.9999170226268476
282537000000 2.549058537087772 -0.13188201140337644 -0.0010028927803520174 -6.305883656246583e-05 0.0038643061817764395 0.015049796550457462 0.9998792761054239
283503000000 2.5974855408374844 -0.13044065767609206 -0.0010038827697672163 -6.80811740734171e-05 0.003870578920530085 0.014333282032925936 0.9998897794306821
284570000000 2.6502061154014758 -0.12872400090769945 -0.0010029947832942109 -7.199350155858537e-05 0.0038648928845218464 0.017305279666845332 0.9998427799987252
285503000000 2.696863461556348 -0.1271193099371016 -0.0010035994507719935 -7.668141085319689e-05 0.003868301695081126 0.016622661259328105 0.9998543481400751
286504000000 2.7463091348538606 -0.12530535988762548 -0.0010033851147699495 -8.141851053090646e-05 0.003867704317390428 0.01974363001158831 0.9997975911694852
287537000000 2.7981087313062694 -0.12407862343718584 -0.0010034609029638125 -3.624667021442482e-05 0.0038677732246277336 0.006054041009687599 0.9999741934689689
288537000000 2.847795827323343 -0.12334529379332299 -0.0010034838181611182 -3.76331000952095e-05 0.0038692363770952017 0.00861278001840311 0.9999554228134185
289537000000 2.8976696112232028 -0.12249235151022637 -0.0010032630880875693 -4.294588833587009e-05 0.0038662712113534696 0.007905618795357115 0.9999612748971999
290536000000 2.9474155816280696 -0.12159547637796465 -0.0010035764706280322 -4.5134010537537767e-05 0.0038697314255301215 0.010457595985777432 0.999937828981289
291504000000 2.995543593905814 -0.12058376937739003 -0.0010029508900493804 -4.9601164833105513e-05 0.003863968617631895 0.009934525973548701 0.9999431846259703
292537000000 3.0470167644398956 -0.11947742733592906 -0.0010035231230066284 -5.192887351746762e-05 0.0038693556868935708 0.012438482311548912 0.9999151511742111
293536000000 3.096710975034243 -0.1182350597510834 -0.0010028066682336509 -5.663106442348859e-05 0.0038628927842432794 0.011956009295594852 0.9999210612313273
294471000000 3.1433482302365037 -0.1170771854912132 -0.0010039819502098112 -5.885012120076184e-05 0.0038730364324704846 0.014554947833721278 0.9998865683761403
295536000000 3.196183932186614 -0.11553029980304338 -0.0010026068922000912 -6.379870316823051e-05 0.003861444006554408 0.014125142301020034 0.9998927770190591
296536000000 3.2461055436240946 -0.11408341911081528 -0.0010040429152444845 -6.765845828990878e-05 0.0038733291060131336 0.01678155242813728 0.9998516751209007
297537000000 3.295612536218025 -0.11241099727237211 -0.0010024714549950534 -7.171457849119769e-05 0.0038604314526451103 0.01644432106226265 0.9998573279377513
298537000000 3.345521484432333 -0.11075500014886835 -0.0010043697955712874 -7.779095188326428e-05 0.0038754012144456627 0.01896921781944964 0.9998125544267352
299503000000 3.393523542490908 -0.10909665134238544 -0.0010024478622273937 -4.1263439155334955e-05 0.0038609418605474316 0.008978882086451144 0.9999522344101022
300536000000 3.4453752153425357 -0.10946706225785637 -0.0010040129301989165 4.677950215098032e-05 0.003872760155023878 -0.013848870794534148 0.9998965988131854
301570000000 3.497163640253176 -0.11210842777968878 -0.00100359266811801 0.00014646603815150863 0.003867438093551432 -0.03888983576340259 0.9992360092313466
302504000000 3.543875172990013 -0.11669082004054981 -0.0010042342676583292 0.00019188153926830213 0.003869317805933132 -0.05236588732261137 0.9986204511255051
303503000000 3.592345806873927 -0.12190972965398944 -0.0010033171353393128 0.00022347946319366087 0.003861559936616643 -0.059066589726663246 0.9982465509030559
304504000000 3.642044778054124 -0.127915195039273 -0.0010042805755690817 0.00022119386249448713 0.003867903927916755 -0.060200522447576205 0.9981787853333283
305527000000 3.691949657219929 -0.13404534346303604 -0.0010032593599874767 0.00025524356294168545 0.0038591411494142713 -0.06730402530655102 0.9977250172556804
306537000000 3.7414114229754274 -0.1403587295030945 -0.0010046204913687837 0.00019236581488502445 0.003871876365479262 -0.052930174886725447 0.998590691001706
307535000000 3.7892314162127887 -0.14440517058579938 -0.0010031145149292063 0.00013765823198467136 0.003863928761130532 -0.037077761128001985 0.9993049037878654
308504000000 3.837642910168442 -0.14809104511173413 -0.001004694820743609 0.00013347576491817901 0.003874278531744034 -0.03901263944202098 0.9992311975283025
309537000000 3.8880077015796677 -0.15203429527570528 -0.0010032026761914517 0.00016343628481040485 0.0038639177392001717 -0.04317799129928832 0.9990599103635597
310571000000 3.93968487837671 -0.15660928404116295 -0.0010046797827827844 0.00015760430653226828 0.0038732445966246296 -0.04525306722279173 0.9989680340451875
311536000000 3.9865805445095304 -0.16084772745615492 -0.0010033314571186516 0.00018971788804662473 0.0038636773834517593 -0.04999444931781375 0.9987420042441433
312537000000 4.036430856678334 -0.16594033607404168 -0.0010044123306111735 0.00018441296902731256 0.0038700500009734747 -0.052150572024340404 0.9986317171722422
313571000000 4.086578152351163 -0.17116015751820152 -0.0010035162084306715 0.00022000198076227402 0.0038637896509759804 -0.057625640261004064 0.9983307609771278
314504000000 4.132952587602003 -0.1766048639788934 -0.001004089606336623 0.00021483692842253873 0.0038662188355740694 -0.059700990275452545 0.9982087947704829
315503000000 4.18107279706937 -0.18141392802457335 -0.001000761985642095 0.00014328582596174002 0.0038425611167554018 -0.04361866984109222 0.9990408529357195
316537000000 4.231851922181674 -0.18474135039563996 -0.0010035423440879591 6.876920981618716e-05 0.0038679635180017655 -0.020882388574561886 0.9997744545528457
317503000000 4.279119869205808 -0.18572490782256806 -0.0010043667454932674 2.849763625068868e-06 0.0038756217212136137 -0.002731944299388316 0.9999887579510571
318504000000 4.328892650622722 -0.185934831876454 -0.0010034254888447516 2.1293136119363365e-06 0.003868057023456328 -0.0031358209259331237 0.9999876023018736
319537000000 4.380442242614338 -0.1863197786030862 -0.00100451541030332 1.4076022596413188e-05 0.0038770936282255374 -0.004948576645269959 0.9999802395727875
320537000000 4.430183887241047 -0.1868153182490606 -0.001003212231794278 1.2458180123550281e-05 0.003866437228102948 -0.005788527236606524 0.9999757714366813
321571000000 4.481759349188795 -0.1874682607330016 -0.0010046373028247402 2.5355013128359447e-05 0.003877724612557365 -0.008004901233197931 0.9999604413001544
322536000000 4.529745777702185 -0.18823205152172043 -0.0010029899747463975 2.4139430009967948e-05 0.0038648229925331993 -0.008594899247499198 0.999955594147785
323504000000 4.578253539631905 -0.18910853452490325 -0.0010039367314714082 2.876129746419617e-05 0.0038719889957081915 -0.009740255003977422 0.9999450656443396
324504000000 4.627553595798781 -0.1902179155385543 -0.0010028116911091033 3.7818139664121674e-05 0.003863484535579844 -0.01192574454286431 0.9999214212497549
325503000000 4.677859209673275 -0.1914554190456565 -0.001004561405856856 3.6598423692573746e-05 0.0038762151918257763 -0.012565347701569892 0.9999135390889957
326536000000 4.728597406983941 -0.19296576431795534 -0.0010027694143313996 5.241095104226478e-05 0.0038630251682907875 -0.015649425027660445 0.9998700764529085
327537000000 4.778919892869841 -0.1945792832383371 -0.0010048500395897532 5.784423468025272e-05 0.003879147149834378 -0.016311995519915308 0.9998594239559844
328537000000 4.827911242218842 -0.19641620915207036 -0.0010027443188664158 6.821345998227953e-05 0.003862639131939631 -0.01965284470895725 0.9997994004102553
329570000000 4.879957714639621 -0.19850400552907368 -0.001004807341134565 7.590241103449831e-05 0.0038788761218903726 -0.020577615527299864 0.9997807311096096
330535000000 4.927111814039794 -0.200678338642437 -0.0010027725644269937 8.596520490123486e-05 0.0038625294827377473 -0.02419432273425333 0.9996998090544028
331570000000 4.978821398546178 -0.20212580653961448 -0.001005256748108807 -7.848045401580663e-06 0.003881470431855519 -0.0014974376110143634 0.999991345865701
332571000000 5.027024173821762 -0.20139301752045943 -0.00100259275338593 -7.82826428480469e-05 0.003861120741246875 0.017967524776779483 0.9998311125744415
333536000000 5.075620832925617 -0.19961776330211986 -0.0010042991567759708 -6.67514267005051e-05 0.0038749310201208888 0.015935473954294312 0.9998655115182684
334503000000 5.122985100845994 -0.19893291735913451 -0.0010027054853448888 -1.8622462116832535e-05 0.003862732563399379 0.002525228608482415 0.9999893510287109
335535000000 5.17484360842872 -0.19862787505200075 -0.001003992955828821 -1.8511415555698037e-05 0.003872830451868921 0.0029625622159811433 0.9999881119627049
336570000000 5.225239100777369 -0.19827039880245315 -0.0010027599099788446 -2.559813279458098e-05 0.0038630285274549583 0.004197662155389224 0.9999837278614891
337536000000 5.273694433112536 -0.1978232915846463 -0.0010037882329387779 -2.525503546728995e-05 0.003871178826380016 0.004604568071395657 0.9999819054810708
338571000000 5.324212286461501 -0.19729832801804342 -0.0010030501625737757 -3.260176827258413e-05 0.0038651983842092055 0.00599811830380163 0.9999745405536028
339503000000 5.370907442027725 -0.19669391195220606 -0.0010035794522291648 -3.2934562031463714e-05 0.003869463254670147 0.006464246199802272 0.9999716194425239
340537000000 5.421547096164064 -0.19598557287098817 -0.001003231132220915 -3.954407684041526e-05 0.0038666436002281887 0.007980112285805014 0.9999606818827632
341536000000 5.471497101924042 -0.19513469219980104 -0.0010035323085210192 -4.115273567419857e-05 0.0038690003143847036 0.008542077306769136 0.9999560300624748
342536000000 5.520604050438615 -0.19425025317634578 -0.001003356660104187 -4.754991926973781e-05 0.003867597498016642 0.010206349828590252 0.9999404331517828
343503000000 5.56878977529878 -0.193212814483014 -0.0010030379980089342 -4.9567620461895e-05 0.0038651532453778496 0.010831925730957497 0.9999338615720542
344536000000 5.619677981568371 -0.19208292418254952 -0.0010035647228330453 -5.6614625486914416e-05 0.003869086300729325 0.012599104789146868 0.9999131409900031
345536000000 5.669433957581236 -0.19077175331863763 -0.0010028721519353238 -5.893508441004448e-05 0.0038637770482687194 0.01328204960078752 0.9999043228789339
346537000000 5.718774799205539 -0.1894521363660035 -0.0010038514658514061 -6.568178798782702e-05 0.003871261525031935 0.0151783817464854 0.9998773053468437
347537000000 5.768437192140331 -0.18788606668189858 -0.0010026309227856994 -6.901025786185596e-05 0.003861796060430479 0.015922960568946806 0.9998657615377636
348536000000 5.817879013395099 -0.1863206361797662 -0.001004245149680734 -7.620549217114196e-05 0.0038740977326213234 0.017957856692062478 0.9998312362306494
349537000000 5.8674554972859845 -0.18448207056058066 -0.0010024590246151682 -7.989087389376044e-05 0.0038602829896859426 0.01874671257404561 0.9998168095208012
350536000000 5.916976713633001 -0.18265140029891497 -0.0010042960160834107 -8.101997090416593e-05 0.0038753197286361435 0.02084552544685785 0.9997751944320331
351536000000 5.966443823816207 -0.18051581785518672 -0.001002348494963133 -9.191515972775223e-05 0.0038591666023199862 0.021847256259026136 0.9997538675987664
352570000000 6.017853661852421 -0.178301001807541 -0.0010038591643527807 -9.355797169709052e-05 0.0038709743253697504 0.023484225957495615 0.9997167088409874
353504000000 6.06379337716091 -0.17602216566894516 -0.001002287595425616 -0.00010474253331709596 0.0038583457432480443 0.025117373621223536 0.9996770577238926
354537000000 6.1157413659307736 -0.1734111164841324 -0.0010037701901365152 -0.00010561951527990003 0.003869902481626275 0.025348717048370495 0.9996711735582369
355537000000 6.1647048481253535 -0.17152506497195652 -0.001002296834343986 -3.9650146900084844e-05 0.0038596014872228383 0.008196698878454655 0.9999589571736041
356536000000 6.2152953288215675 -0.17193365285758214 -0.001004627063933134 5.654383043401362e-05 0.0038780465817316004 -0.01507659824654929 0.9998788195290554
357571000000 6.265942504114758 -0.17366919354117216 -0.0010027719825239576 6.334340689529887e-05 0.0038629679341364055 -0.01832927701872959 0.9998245401420809
358504000000 6.312916239732791 -0.1754364479121279 -0.0010050010859038137 6.306628452991318e-05 0.00387925848459945 -0.019345118497644278 0.9998053379366233
359571000000 6.365172706970873 -0.17764724293649625 -0.0010028077922038872 8.077321112885056e-05 0.0038629592583837077 -0.022761905941829245 0.9997334478046395
360537000000 6.413753004387403 -0.17990621504316742 -0.0010050599691814183 7.91661685262242e-05 0.0038792072679660282 -0.02386471064838431 0.9997076678056235
361571000000 6.464274407442205 -0.1825151783851053 -0.0010029067246967137 0.0001004199275254347 0.0038632713605511464 -0.027802770455694105 0.9996059578680097
362537000000 6.512781076628389 -0.1852575991941442 -0.0010049279213954834 9.858844422248372e-05 0.0038776965069336434 -0.02898244329589293 0.9995723944421031
363537000000 6.561545966042144 -0.18827002993829078 -0.0010031828481558251 0.00012232522476574622 0.003864741233991156 -0.03343837142664041 0.9994333014904335
364571000000 6.61335443044946 -0.19178520958305725 -0.0010048422587204918 0.00012080355205457182 0.003876419543256312 -0.03470992541133938 0.999389903819308
365535000000 6.660338818623281 -0.19522674992043543 -0.0010032813024236295 0.00014551700666224436 0.003864525606227717 -0.0397569609988945 0.9992018956741286
366504000000 6.70864822498869 -0.19910983133623472 -0.0010043238578200282 0.00014526553050351958 0.0038716436468123655 -0.04100014252710763 0.999151628926338
367536000000 6.758378741445939 -0.20275441513672804 -0.00100355270587172 0.00010574959644881855 0.003867601648676762 -0.029930525874745623 0.9995444933045107
368537000000 6.807922671861008 -0.20449038178539228 -0.0010041347538518146 1.1273377252655637e-05 0.0038733883734971804 -0.00556383704878575 0.9999770199623157
369571000000 6.8587009077084655 -0.20422507482881752 -0.0010032704241741096 -3.1079562695114657e-05 0.0038669799651036845 0.005722083912506681 0.9999761513434751
370504000000 6.905237502802016 -0.20362864907064157 -0.00100310786473427 -3.207926589384312e-05 0.0038660493940396593 0.006619885247387557 0.999970614444402
371537000000 6.956643854965078 -0.20292051358035018 -0.0010035253920589945 -3.849188982025947e-05 0.0038688601295385175 0.007656228977959359 0.9999632056218416
372537000000 7.006428613171653 -0.2020872922224759 -0.001002932882767895 -3.9970896148551415e-05 0.003864634817635201 0.008639687718630622 0.9999552083949453
373536000000 7.056247670832933 -0.20120311451899645 -0.001003808272139424 -4.624843187832192e-05 0.003870965124406685 0.009730527625155872 0.9999451636575999
374536000000 7.105943050719038 -0.20016680431452777 -0.0010026790598955185 -4.827149693370195e-05 0.0038625849746801214 0.010740321524951442 0.9999348596787277
375470000000 7.1525458184336745 -0.19915313586747313 -0.0010044840081711859 -5.477123483153062e-05 0.00387589645590887 0.012000023127911522 0.9999204837744373
376536000000 7.205410671021869 -0.19781449224312073 -0.001002494923140352 -5.743537514085694e-05 0.003861025951930904 0.013052732873218436 0.9999073533804602
377503000000 7.253694769338869 -0.19653749702590434 -0.001004884508315436 -5.908937526990012e-05 0.0038797316492999072 0.01436258085407206 0.9998893241064161
378504000000 7.303165079080345 -0.19503738945563 -0.0010023387257578967 -6.769832765528984e-05 0.0038596070371883593 0.015597280274429706 0.9998709035162969
379537000000 7.354855713650433 -0.193401173192638 -0.001004652949898377 -6.540104064877866e-05 0.0038782073339405543 0.016524674447380355 0.9998559348051034
380504000000 7.402478098698905 -0.19167791244426233 -0.0010023015546837648 -7.962183054962113e-05 0.0038590428044969313 0.01859261901690597 0.9998196917280082
381503000000 7.452796089717364 -0.1897866603988273 -0.001004132959021995 -7.912251147961598e-05 0.0038731009866061527 0.01846973544577962 0.9998219149933346
382536000000 7.503349172102871 -0.18763264672208566 -0.0010023078778605594 -9.30064581978134e-05 0.0038587560528106305 0.02199900690382342 0.9997505414085902
383304000000 7.541953304379653 -0.18591123709713087 -0.0010041430772554268 -9.1185188317407e-05 0.003873253831415902 0.022257992031706628 0.9997447531148815
384570000000 7.604179336089994 -0.18288596800744258 -0.0010023311858953395 -0.00010756874629074797 0.0038585194698290922 0.025710413329590183 0.9996619803227926
385536000000 7.652779181536836 -0.1803572748728323 -0.0010043862733452938 -0.00010557861051791027 0.003874740492916942 0.025951745771239015 0.9996556817878316
386537000000 7.701515706089719 -0.17758052787858833 -0.0010024684735226788 -0.00012377828308712352 0.00385896474440974 0.029711348938494028 0.9995510636352168
387503000000 7.750069789443024 -0.17465216461759278 -0.001004304499112419 -0.00012145826099316927 0.0038736758356459865 0.030106389091286104 0.9995391864350769
388503000000 7.798765754270481 -0.1719008686290264 -0.0010026819593682047 -8.718113717172515e-05 0.003861443919974898 0.019980754258653335 0.9997929041104251
389537000000 7.851118499332997 -0.1711271648793917 -0.0010043216297675218 1.2525403705568908e-05 0.003874978005009256 -0.005690544910176357 0.9999763007627733
390536000000 7.900135192376182 -0.1721937529806413 -0.0010030892793989124 4.198422373367615e-05 0.0038657876405858243 -0.012583348279535729 0.9999133528807977
391537000000 7.950346544166694 -0.17348734848499556 -0.0010047884899878033 4.0563483965977426e-05 0.0038778721815814457 -0.013690002238056888 0.999898767026277
392535000000 7.999551374780911 -0.1749486620979408 -0.001003330645566687 5.672226680684874e-05 0.003867441383399736 -0.016369244125054496 0.9998585337569034
393537000000 8.049676191212297 -0.1766132657420425 -0.0010045341152341118 5.525039851006899e-05 0.0038757556707821475 -0.017437363971453332 0.9998404441725195
394536000000 8.098864764926244 -0.1784469355165654 -0.001003560515881477 7.263217403449103e-05 0.0038688500130179553 -0.020640148583448842 0.9997794811810238
395537000000 8.14889300944181 -0.18053076020819764 -0.0010042413327443593 7.14079950555942e-05 0.0038732477317656336 -0.021656676716134488 0.9997579613118964
396537000000 8.198073668265817 -0.18277740757615643 -0.00100375412344067 8.97720953051328e-05 0.0038697840734078994 -0.025362733747217762 0.9996708200448106
397571000000 8.249710532582613 -0.185414143684162 -0.001004104637614238 8.950586261732519e-05 0.0038718233489603987 -0.026354927557992985 0.9996451464225034
398504000000 8.295516668266155 -0.18792274822943772 -0.0010041811965372377 0.00010863356633495253 0.0038722780127008103 -0.030691991495161847 0.9995213831228432
399537000000 8.346946307638428 -0.19109315432381346 -0.0010036917318756236 0.00011021126865093405 0.003868215375475946 -0.03157704586799726 0.9994938293644118
400570000000 8.39770670296738 -0.19441517443894468 -0.0010040347093152498 0.00013209609174759875 0.003870431947203185 -0.036786665360432735 0.9993156376034673
401503000000 8.444055193201121 -0.19783765637007622 -0.0010032632550644321 0.00013461127421434733 0.0038643948263373624 -0.03755964029868724 0.9992869066254518
402537000000 8.4947889462642 -0.20172793357582186 -0.0010030037782390935 0.00015078939286772592 0.003860406584733181 -0.043130037528090026 0.9990619972686305
403537000000 8.544293972733755 -0.20605444792742522 -0.0010031366749621122 0.00016086625338961134 0.0038624795469810787 -0.044273983636402926 0.999011946748767
404571000000 8.595117221831268 -0.2106228764570902 -0.0010030630939493919 0.00017481517949131522 0.003860059032134191 -0.049415475697426145 0.9987708346490294
405536000000 8.64263355048542 -0.21549442553206155 -0.0010029557717783147 0.00019018719090212798 0.0038598535934461892 -0.051736695434939785 0.998653283028971
406504000000 8.690811762524044 -0.22044844233251565 -0.0010045345982491426 0.00016606540528872168 0.0038727480907077313 -0.04651642032494134 0.9989100043971231
407503000000 8.738454033978304 -0.22445893102293846 -0.0010027285962047154 0.00011004685626358552 0.003861433886970848 -0.030689105092274543 0.9995215135486886
408536000000 8.789437184935375 -0.2263769526681238 -0.001003842570264278 2.7188751211011664e-05 0.0038708067011599383 -0.01034342426295497 0.9999390129856774
409504000000 8.836712510098737 -0.2262811267564634 -0.001002825186883008 -5.984049343306771e-05 0.003863261778669798 0.013269349742182905 0.99990449343173
410503000000 8.886634204627292 -0.22388663240871004 -0.0010043662900134365 -0.00011434154445131552 0.0038741466718369725 0.027873248317269225 0.9996039515437204
411537000000 8.93708918251428 -0.22082212316369504 -0.0010025640620684277 -0.00013379956876729488 0.003859281603679011 0.03217401483107182 0.9994748225007116
412503000000 8.985552226596814 -0.21763402411644106 -0.0010042180786985141 -0.0001280258114017021 0.0038727942661328763 0.03220722049003188 0.9994737015160882
413536000000 9.035926916810986 -0.21416181996063488 -0.001002699979634352 -0.00015222600739385765 0.003859444711377674 0.036616212860807344 0.9993219373502688
414537000000 9.094587100020567 -0.20978105322998067 -0.0010044484193955441 -0.00015004030345267758 0.0038732081685056213 0.03650821357284872 0.9993258357953676
415536000000 9.153227329992507 -0.20506113881641258 -0.0010025657663182454 -0.00016810560284492038 0.0038584850562960677 0.041976387081154115 0.9991111383430724
416504000000 9.210778271850577 -0.20021609604653784 -0.0010035766948487644 -0.00016979417226840743 0.003866533405521163 0.04304983658903258 0.9990654296186116
417537000000 9.271759309635865 -0.19449441202654486 -0.001003200602884828 -0.00018663185463199845 0.0038630208957947565 0.04763139316378588 0.9988574936513148
418537000000 9.330350856384223 -0.1888033849754185 -0.001003066238598957 -0.0002119502156768996 0.00385941803019097 0.05201627407324639 0.998638757109452
419537000000 9.390111383947387 -0.182446809014728 -0.0010036305090961872 -0.000209228399992455 0.003865028124689571 0.05315318471036204 0.9985788685608253
420570000000 9.45055768726331 -0.1763395533921821 -0.0010025040589985816 -0.00017479442049144777 0.0038568563753927435 0.04222797001378187 0.9991005418146491
421571000000 9.510770492536539 -0.17253163360103468 -0.001003840621581549 -0.00010601689177339825 0.0038706009986275926 0.026248930286587008 0.9996479384599051
422571000000 9.56987677837189 -0.169076898940108 -0.0010027442013422101 -0.0001210233449507508 0.0038616249941614707 0.029814270289060894 0.9995479890895111
423537000000 9.627087568656433 -0.16559746203361683 -0.0010036650368627394 -0.00013674165992670116 0.0038677202340133125 0.03308801270522247 0.9994449486875848
424566000000 9.688928677924467 -0.1614043791044742 -0.0010037538215456852 -0.00013684011550309407 0.0038689935753411448 0.03413937617952624 0.9994095832828348
425536000000 9.745718553865167 -0.1573362299496664 -0.0010028845553207051 -0.00015782873274625958 0.0038606616190260375 0.038102846822211586 0.9992663526037479
426536000000 9.810504747698534 -0.15231830807328664 -0.0010045333519856509 -0.00015401733416682165 0.00387392113414668 0.03823809797940621 0.9992611354779214
427537000000 9.87909170199725 -0.14646481508032339 -0.0010028438845538779 -0.00017468476122900746 0.00386037399342683 0.04377916968096577 0.9990337588389645
428503000000 9.945541985984791 -0.1404531115948381 -0.001002997195731152 -0.00019637342050958745 0.0038599256527988785 0.04835220931403123 0.9988228703157968
429537000000 10.017626650351117 -0.1333820044686186 -0.001004462049058654 -0.00019509249257654385 0.0038716364081729376 0.04838862890939006 0.9988210615334018
430503000000 10.083740790831186 -0.126338595120737 -0.0010028640655742951 -0.00021467071217415136 0.003858519963785374 0.05414210451272239 0.9985257624413644
431536000000 10.154595477674416 -0.11841737431322125 -0.0010028815933305416 -0.00023697210401154057 0.003856685373103562 0.058730076236802535 0.9982664213361954
432536000000 10.224225441306316 -0.11013873244626554 -0.0010044990214878452 -0.00023638874804328836 0.003869330193890441 0.05855207058076766 0.9982768290584106
433537000000 10.292524698565352 -0.10142061684978503 -0.0010031876145712541 -0.00025378944595779053 0.003858687745268128 0.06431655252795525 0.9979220546669567
434536000000 10.360855378408996 -0.09235381098880517 -0.0010027658507991768 -0.00027556889695071787 0.0038532390466931815 0.06878308527832945 0.9976241595862774
435536000000 10.430466660520361 -0.08331681122675919 -0.0010038085843299613 -0.00021357798144182324 0.0038663695205465518 0.0543643024232655 0.9985136594925522
436504000000 10.497408915853235 -0.07714438050524026 -0.0010033594089796302 -0.00014131704643637706 0.003865148041194527 0.03424579746427688 0.9994059565642722
437537000000 10.569033457376731 -0.0736991649301079 -0.0010024288512598852 -5.945635828774121e-05 0.0038605455360032686 0.01366831158479273 0.9998991298683718
438570000000 10.641621052618953 -0.07350509110707049 -0.0010035082000894417 3.06667206891339e-05 0.0038694787842043013 -0.009219385309686082 0.9999500133146669
439536000000 10.709230901951193 -0.07572337647694106 -0.0010042637270729557 5.8127115598819445e-05 0.003873343264962681 -0.018746916509961516 0.9998167566882238
440570000000 10.780861629177629 -0.07854853614926954 -0.0010028629349040814 7.6439338458023e-05 0.0038634212909110723 -0.021711474514331263 0.9997568104331023
441503000000 10.846227713190554 -0.08143753393760386 -0.0010041152013097396 7.512558485601228e-05 0.003872826807977357 -0.022029285199079193 0.9997498217865706
442537000000 10.9178550606565 -0.08511597059690126 -0.0010044744191902294 8.877244968731306e-05 0.00387424117192022 -0.026857039529426866 0.9996317731057316
443570000000 10.9892650878104 -0.08916049473407614 -0.001002873351148053 0.00011066590974675506 0.003862544659262231 -0.03078701780405135 0.9995184980962307
444537000000 11.056268276409126 -0.09307813407548661 -0.001002465254570293 7.659170841713927e-05 0.003858393518882332 -0.024192400666405232 0.9996998723032627
445536000000 11.12534061028941 -0.09515865105150786 -0.001003886314848032 -8.011853572655591e-07 0.0038709923935908667 -0.0034513837367619498 0.9999865515933445
446537000000 11.194248833448183 -0.09418850207909905 -0.0010027550646816985 -7.87297023915747e-05 0.003862469582829287 0.018298363190959715 0.9998251072237022
447537000000 11.263250426551346 -0.09018193166107157 -0.0010038233006023738 -0.00015147859513009717 0.0038686778338493824 0.037388177976115516 0.9992933175668092
448535000000 11.333097255148873 -0.08496242864349182 -0.001004026551057722 -0.00013314496167797496 0.003870854407173005 0.03258846537169999 0.9994613502698817
449571000000 11.404730676540378 -0.08178416523767788 -0.001002343538773872 -5.3359297641055874e-05 0.003859787732449177 0.011747252204121462 0.9999235477060726
450571000000 11.47470649896303 -0.08083951652910354 -0.0010033424306063361 -3.2362961933486525e-05 0.003868023096668612 0.006929499190403244 0.999968509199631
451537000000 11.542367923839961 -0.07988076089671776 -0.0010042143933741803 -3.67821166707909e-05 0.003873965511714584 0.006954037449267677 0.9999683156987745
452536000000 11.611810370125356 -0.07871883693681243 -0.001002319319768661 -4.136358560871699e-05 0.003859775255939817 0.00868066252113387 0.9999548722428536
453504000000 11.679295024526596 -0.07748988301380318 -0.0010034835611421565 -4.512401825941342e-05 0.0038689563004893936 0.010207571961326347 0.9999404155326569
454535000000 11.7516328079344 -0.07598979690807131 -0.0010043627001403675 -4.911380208922295e-05 0.0038750352307946588 0.010266001715590629 0.9999397936368819
455536000000 11.820977854400345 -0.07434583445226291 -0.0010023866607408137 -5.488044265991767e-05 0.003860081734444007 0.01211977481628291 0.999919100635418
456569000000 11.892995291153587 -0.07250878296170477 -0.0010032273016914485 -6.0876495967330435e-05 0.0038665852240530904 0.013927081987508126 0.9998955356436345
457502000000 11.958392759256112 -0.0706741254545241 -0.0010043860319948125 -6.317068086488057e-05 0.0038750220912557713 0.013915914997438552 0.9998956583179274
458536000000 12.029948572663397 -0.06842373144622328 -0.0010024768409270593 -7.013822278723763e-05 0.003860478503386233 0.016000653190438734 0.9998645262653506
459537000000 12.09943855957989 -0.06609076736929219 -0.001003236387853261 -7.728078902372933e-05 0.00386634663299469 0.018144420794095065 0.9998278978831507
460537000000 12.169528552874876 -0.06353434723054227 -0.0010045941304105792 -7.93770465783503e-05 0.0038764110547532637 0.018233369602406665 0.999826240588614
461570000000 12.240978153369031 -0.06061799374848884 -0.0010027213626635986 -8.827789806801342e-05 0.003861873586049897 0.02053885176122523 0.999781593003066
462537000000 12.30789121208146 -0.057726720252902305 -0.0010032098543958888 -9.677698180114689e-05 0.003865655418983493 0.023100100322134498 0.9997256787276723
463570000000 12.38028718902806 -0.05437409009999791 -0.0010037157470819645 -9.799354329563786e-05 0.003870086938725177 0.023776274447826148 0.9997098086933697
464537000000 12.446871135871488 -0.05091875284681472 -0.001002728454074675 -0.00010898351477087688 0.0038614066791532705 0.02591321364581735 0.9996567325935428
465537000000 12.515955081125096 -0.04715547410504128 -0.0010030848487023528 -0.00011913359231600234 0.0038640737079549655 0.028955836980323005 0.9995732160508982
466537000000 12.58595251398764 -0.043094030811558576 -0.001003694414796228 -0.0001205565994270083 0.003869300644989247 0.029608957021611454 0.9995540623911834
467537000000 12.654731706812596 -0.03864242296670032 -0.0010028970867040216 -0.00013412136724274979 0.00386184950748059 0.03233277289026222 0.9994696893488402
468503000000 12.72129918611227 -0.03410731564816512 -0.0010030700122584217 -0.00014720291318728168 0.0038629773972905365 0.03620268416571744 0.9993369909075356
469537000000 12.793347451879724 -0.028871937586383192 -0.001003700764051655 -0.00014882907370103272 0.003868929491467663 0.038000921646437154 0.9992702032926422
470536000000 12.86259869938695 -0.02458856740566159 -0.0010032587394234217 -8.319548273200336e-05 0.003865746257370472 0.018599266955870657 0.9998195418939808
471570000000 12.934570202230399 -0.023377756649978224 -0.0010025903085057256 7.208203345927378e-06 0.003862719704396337 -0.002738237882388918 0.9999887906360883
472537000000 13.002548663259955 -0.02511789041769624 -0.0010047136569648757 5.9072806934608115e-05 0.0038781589204109207 -0.016569599751963718 0.999855191894232
473566000000 13.074328970591019 -0.02785719436721045 -0.0010041291757165866 6.459350183734437e-05 0.0038720669257212388 -0.020690050169065572 0.9997784378298044
474537000000 13.141189854606546 -0.030685438572017533 -0.0010031083134433606 7.961205545651019e-05 0.003865600674673146 -0.02189585597764021 0.9997527805834556
475536000000 13.21095556204298 -0.03211183854577359 -0.0010043449160736379 -1.821934926215382e-05 0.0038751496044525336 0.0021805828557838474 0.9999901139221367
476537000000 13.280551062966815 -0.03178350773511848 -0.001003494918691783 -1.9617211779485782e-05 0.0038682980754852674 0.0020118053815607064 0.9999904942169556
477571000000 13.352591922060046 -0.031355062639126165 -0.0010023601855133762 -1.904762326326774e-05 0.003860508870769243 0.003327860766274544 0.9999870106412219
478537000000 13.420267580667003 -0.030895050723966932 -0.00100360115233988 -2.169377716687975e-05 0.003870362483083867 0.004593418963346288 0.9999819600002077
479570000000 13.492477023589624 -0.03023812162147876 -0.00100387910639399 -2.8032747437850204e-05 0.0038711793903052996 0.004160798320099309 0.9999838503404106
480536000000 13.559760140806253 -0.02956217751130749 -0.0010024155247666047 -1.0691120876821102e-05 0.0038610421445950715 0.0013048475098300346 0.9999916947716286
481571000000 13.632302487010879 -0.030764386286015934 -0.0010031746221313247 3.993175499002327e-05 0.0038665138331231033 -0.011952357687656031 0.9999210916977097
482536000000 13.699681315534594 -0.03258796581252775 -0.0010044413284707732 4.104204023033342e-05 0.003874763017171473 -0.014589370244311338 0.9998860609104351
483571000000 13.771402739560697 -0.03478073915873292 -0.001002891686490679 5.807845925521835e-05 0.0038639277657010456 -0.017013040128088252 0.9998477999949362
484535000000 13.838911958577102 -0.0371358350571865 -0.0010032220016323277 6.487621161779515e-05 0.00386649347236189 -0.018246145616488265 0.9998260469648945
485534000000 13.90857203628836 -0.03998456780172864 -0.001004629255248482 6.761046162303469e-05 0.003875772704359266 -0.0215167387621835 0.9997609733170272
486504000000 13.975417132114565 -0.042998252585502945 -0.0010028898236843012 8.82417192494162e-05 0.003863390272902226 -0.02473568085793058 0.9996865571375325
487536000000 14.047379857664877 -0.04662700830314711 -0.001003530709698941 9.41051245504009e-05 0.0038680509989359783 -0.027026628956320638 0.9996272258461916
488570000000 14.119434522999631 -0.05084457006685081 -0.0010049305549503472 0.00010156566889170814 0.003877393261050813 -0.030181340896809402 0.9995369138594056
489536000000 14.185976051641795 -0.0550885095138449 -0.0010029288077545821 0.00012426026199029123 0.003862472135259196 -0.034439458648520715 0.9993993143665791
490536000000 14.255296843200956 -0.05992546261722022 -0.0010026645375316515 0.00013209351729507476 0.0038588490869631907 -0.03818139376368063 0.9992633651872209
491536000000 14.324947871871117 -0.06551503235029447 -0.001004926503142857 0.00014312308472539135 0.00387605559682847 -0.04089938410880185 0.9991557416580829
492536000000 14.39355773265106 -0.07146899845106966 -0.0010029869266035031 0.00016994544649625705 0.003861033965061975 -0.04649613595712306 0.9989109934705507
493570000000 14.464686368604992 -0.07819546462208422 -0.0010030013486917212 0.00019363417978297685 0.003859656511254023 -0.05272492850516518 0.9986015959688553
494537000000 14.53202347718312 -0.08541416234320585 -0.0010046558697352943 0.0001988202220615734 0.0038721712194973116 -0.05412112779942628 0.9985268500577661
495536000000 14.60022145181588 -0.09328766314135363 -0.0010030732705708714 0.00022550303973654034 0.0038586661289588763 -0.061168327394941074 0.9981199805473235
496537000000 14.66851973664248 -0.10177409825808098 -0.0010023657489795917 0.0002513466344810248 0.003851205067122213 -0.06875024681505255 0.9976264374039361
497570000000 14.740250388763192 -0.11181570921508097 -0.0010045283151711958 0.0002657489350196476 0.0038680513950153693 -0.06980595765698887 0.9975530541437382
498503000000 14.803077937654589 -0.12070099603594503 -0.0010029793052564427 0.00023816177323207277 0.0038572011177380222 -0.06443743900348081 0.9979142657228526
499571000000 14.875782870154323 -0.12849852914351692 -0.0010031358756449928 0.00016668260777520717 0.0038622469636121265 -0.045844463606701635 0.9989411095865032
500504000000 14.94072830051106 -0.13300529691514368 -0.0010049942361916656 7.73800853862854e-05 0.003878764281820529 -0.023374915784076335 0.9997192418434566
501536000000 15.011438045211237 -0.13509043288247607 -0.0010029271582679793 6.373141275334383e-06 0.003864545496326213 -0.003772171266616013 0.9999854178793935
502570000000 15.083490017133855 -0.13475364768983966 -0.0010029419246667323 -2.4742578484759018e-05 0.003864493581180321 0.004068542807808379 0.999984255894355
503536000000 15.151283523007182 -0.13412574813130165 -0.001004202821990905 -2.2961672282063758e-05 0.0038748108359960543 0.004743350861805071 0.9999812427922581
504537000000 15.220728893461379 -0.13332302471194588 -0.0010025907403902364 -3.0942319284435794e-05 0.003862174960127464 0.0063997796162472515 0.9999720623437505
505536000000 15.290477975090175 -0.13238126902173197 -0.0010030051917024434 -3.8695623727177594e-05 0.003864782582977225 0.007546842903834189 0.9999640529141135
506503000000 15.358336015955121 -0.1312844507839591 -0.0010041593834739203 -3.6570496482317623e-05 0.0038742974822814054 0.008165203007950485 0.9999591581366994
507571000000 15.432438361772707 -0.12988680310582465 -0.001002911153534191 -4.466918379939033e-05 0.0038645425652050784 0.010072499256602297 0.9999418023435922
508536000000 15.499690595610069 -0.12847044887206177 -0.001002936084024731 -5.440688061902332e-05 0.0038640158771065837 0.011521610252331099 0.999926156732779
509570000000 15.572208946359504 -0.12672902370455635 -0.0010043626942937492 -5.470056184474961e-05 0.0038751705376763477 0.01180202632821572 0.9999228431412599
510537000000 15.639190103082445 -0.12487941899376681 -0.0010029290791589186 -6.111905290325511e-05 0.0038644589346359913 0.014338174216776226 0.9998897334115064
511536000000 15.708694073731845 -0.12279383120119605 -0.0010028870290119188 -7.326100489127367e-05 0.003863276927159581 0.016305888074523996 0.9998595840108302
512537000000 15.778827190385293 -0.12044475237099513 -0.0010043908448166897 -7.294629463215797e-05 0.003875016925497946 0.016471928125673028 0.9998568170025587
513536000000 15.848070655018896 -0.117804143698519 -0.0010031162267757077 -8.15162650502216e-05 0.003865559917061598 0.01965216750607679 0.9997994014370779
514504000000 15.915109433496887 -0.11505038236328136 -0.0010028881500063792 -9.592600575027969e-05 0.003862793003515298 0.02217891791943572 0.9997465504958426
515536000000 15.987460477884774 -0.11178026030875847 -0.0010037379552302952 -9.418918193377423e-05 0.0038700915119173718 0.02248546383006293 0.9997396748336211
516569000000 16.059015344587284 -0.1081087574930018 -0.0010034292514924936 -0.00010693013803651628 0.003867278239305363 0.026151066384791817 0.9996505161564735
517570000000 16.12811903283566 -0.10429910621985682 -0.0010025162032763837 -0.00012268838030561204 0.00385936088747418 0.029428826958634996 0.9995594201571714
518536000000 16.195594335011148 -0.100280136431993 -0.001003708519415801 -0.00012138920042419514 0.0038691770047769767 0.030385887766857883 0.99953074617972
519536000000 16.26474862509974 -0.09564352507497986 -0.0010034417808842053 -0.00013705989991048823 0.003866435144453644 0.033960034154349686 0.9994157032857214
520503000000 16.33131215302196 -0.09088600923781517 -0.0010026223493326061 -0.0001564599058748937 0.0038589059160341176 0.0381008760473676 0.9992664347459352
521504000000 16.40104748753053 -0.08551402739351965 -0.0010037540817580855 -0.00015576610519788415 0.003868380007761982 0.03912864401093826 0.999226681284533
522570000000 16.47466425983327 -0.0791560405835587 -0.0010037359870216332 -0.000173639819080933 0.0038673214835866217 0.04354636475089468 0.999043906838302
523570000000 16.54320376612998 -0.07283083642996431 -0.0010023921421191961 -0.00019552033747516372 0.003855541593267795 0.04852227913629521 0.9988146399599074
524537000000 16.617611901959034 -0.06548759969364423 -0.0010037456849294954 -0.00021034607015191732 0.0038651661715860693 0.05230117924397706 0.998623854559206
525536000000 16.69720186967765 -0.057035048426882645 -0.0010042108931112778 -0.00021278751948097368 0.0038686396032218922 0.05278264114919103 0.9985985084819663
526536000000 16.775719137701802 -0.04816014482228771 -0.0010033881683770458 -0.00022701687652695014 0.003861825644799438 0.057281285144049635 0.9983505842830329
527536000000 16.85423062393603 -0.038823882362537955 -0.0010023627081478595 -0.00024398535063422776 0.003852665021544484 0.06127279521594071 0.9981135917368354
528504000000 16.930265983964603 -0.029330758894240885 -0.0010032936343538253 -0.00025958170511329815 0.0038586148971295653 0.0649631744469175 0.9978801679932281
529504000000 17.009617667597944 -0.018874453924368064 -0.0010045444843854376 -0.00026121720661760644 0.0038679333416556903 0.06495801201618137 0.9978804675571824
530536000000 17.090595975870343 -0.007603521853446555 -0.00100390096695413 -0.00027451389545550705 0.003862825722623292 0.06974859009512653 0.9975570847822693
531571000000 17.17147697201289 0.004140570563061565 -0.001002625817327251 -0.00029080322407533735 0.0038516310159742314 0.07373307239024429 0.9972705322067312
532537000000 17.247061509337566 0.015557209711851872 -0.001002863799210784 -0.00030875966749652895 0.003851501808009236 0.07737594637949133 0.9969945002472023
533536000000 17.325117217354347 0.029380205383888934 -0.0010026663308747852 -0.0003924983947975584 0.0038433459297757193 0.10127518566853595 0.994850949341095
534570000000 17.40455412081882 0.04836244872831792 -0.0010041174374810988 -0.000508609356148843 0.003839900972995843 0.12923383712415776 0.991606581169774
535535000000 17.477248528626347 0.06996041327846488 -0.001003116466042852 -0.0006119516065405921 0.0038184935712046613 0.15819018822862912 0.9874010881958095
536537000000 17.551239224400916 0.09628692924477605 -0.0010031379669822697 -0.0007255395980073922 0.003797376429490969 0.185399105720898 0.9826557001933259
537504000000 17.62201371403504 0.12589454994269272 -0.0010034222854999816 -0.000818737776197029 0.0037791032637979347 0.20690734041246991 0.9783529018357402
538504000000 17.69251936340867 0.16000306501485986 -0.0010032115104282313 -0.0009151360482425227 0.0037568386652360518 0.2345366034036359 0.9720995989882634
539536000000 17.763535914904573 0.19905452241066118 -0.0010026158953733329 -0.0010190322988828035 0.0037252157628860447 0.261828432343445 0.9651067072387736
540570000000 17.832853197850607 0.2420739521151995 -0.0010040716228935029 -0.0011240561211672592 0.003707863568484459 0.29006389961234413 0.9569994369837812
541503000000 17.893414033376317 0.2841448273117897 -0.0010036598237729635 -0.0012102945248338606 0.0036748323457931435 0.3088850044605931 0.9510915228377198
542535000000 17.96341216065475 0.3387591180292076 -0.0010032007010170908 -0.0013143822744621715 0.0036358294763520734 0.33715292369605326 0.9414419574176939
543503000000 18.037455447653628 0.40260001828219805 -0.0010027889406496043 -0.001393224398739269 0.0036032832898369805 0.35825805254595183 0.9336146116365629
544504000000 18.11668209898926 0.47747529326180604 -0.0010030883442603555 -0.0014806883974042 0.003570970000238376 0.3810850812379957 0.9245318905224186
545537000000 18.194496060337162 0.5587612176999964 -0.001003879854884017 -0.0015725308334392095 0.003538498603174189 0.40478222182459633 0.914404920737611
546537000000 18.265802470322456 0.6410207581756489 -0.001004306833622761 -0.00165759725463816 0.0035034285676386273 0.4268409705301449 0.9043183975992619
547537000000 18.333118824280092 0.7264929218812359 -0.0010038279139067373 -0.001743734781076198 0.003456311438847534 0.4474753960067217 0.8942878637602542
548536000000 18.39627607787481 0.8146984233198444 -0.0010032169799179258 -0.0018117922882706743 0.00341474217661898 0.46582375458158914 0.8848690787975828
549504000000 18.45366449001835 0.9028598882406413 -0.0010035510585681487 -0.00188641373207513 0.0033777954008874316 0.4850120403247208 0.8744989151974476
550537000000 18.510756750912346 0.999729634622881 -0.0010032005761894114 -0.001964984271566767 0.003329012121521184 0.5049828025027971 0.8631207480367554
551504000000 18.560107913844185 1.0926621433558477 -0.0010032082934879442 -0.0020354849063649347 0.003286516394317542 0.5233794598590693 0.8520909555961822
552504000000 18.606990408835674 1.19090609966183 -0.0010031733089202743 -0.0021081871294415053 0.003239770930354281 0.5419620587638001 0.840394066073678
553537000000 18.650953930248484 1.2944854649915014 -0.0010035157106333577 -0.002183419829228464 0.003192415345343684 0.5607521138091194 0.8279747025246103
554537000000 18.689105080385293 1.3964991161089768 -0.0010038841358786486 -0.00225338898783303 0.00314694845301088 0.578569414586155 0.8156239644952431
555537000000 18.722924509805196 1.5000475248805836 -0.001004490814664076 -0.0023220122056550473 0.0031027097059829734 0.5959375167334029 0.8030214552559742
556537000000 18.75236422716824 1.6049912737832452 -0.0010051923617317333 -0.0023900071795517966 0.00305785783318836 0.6131108612807635 0.7899873474624224
557537000000 18.777404268664522 1.710998594537528 -0.0010046661018526144 -0.002451154315999552 0.0030042126017048765 0.6292850248853799 0.777164927157788
558570000000 18.798599379361605 1.8211431114397234 -0.0010041965229581444 -0.002496961230693238 0.002963725276219535 0.6438020117462133 0.7651822993173771
559571000000 18.814604530493952 1.9288688494830677 -0.0010045498448274341 -0.002564558766272529 0.0029068597158558042 0.6597608764050696 0.7514656074433087
560536000000 18.825833998021203 2.0335126717196523 -0.0010040521697396963 -0.0026195309145580613 0.002852687529553024 0.6745678596363955 0.7382026842116051
561537000000 18.83309290188903 2.142213072430763 -0.0010042637870078114 -0.002681592544842294 0.002795474470512234 0.6897761164921818 0.7240123641906072
562571000000 18.835910144388407 2.254914259290415 -0.0010039109939487811 -0.0027398470945295306 0.0027352235951274206 0.7054321209071563 0.708766911320086
563537000000 18.835787564911836 2.284689516615106 -0.0010035395873578268 -0.0027894674031354576 0.0026817910275975685 0.7197804891028768 0.6941909495054761
564469000000 18.8357675675942 2.2846378609010753 -0.0010035596738178602 -0.0027949350511292208 0.0026763765418222883 0.7212114324556902 0.6927041901431503
564469000000 18.8357675675942 2.2846378609010753 -0.0010035596738178602 -0.0027949350511292208 0.0026763765418222883 0.7212114324556902 0.6927041901431503
564469000000 18.8357675675942 2.2846378609010753 -0.0010035596738178602 -0.0027949350511292208 0.0026763765418222883 0.7212114324556902 0.6927041901431503
