228570000000 0.0 0.0 0.0 0.0 0.0 0.0 0.0
229537000000 -0.0011797997867688537 0.003071226878091693 0.0 -0.0000019444656924604347 0.0038598600578407328 -0.0013661453985384887 0.9999916175265186
230503000000 0.01891612634062767 0.02367617003619671 -0.0005063932621851563 0.00003308426764925056 0.0037905340362869755 -0.002886036240715894 0.9999886507115809
231537000000 0.08629105985164642 0.041454341262578964 -0.0011436489876359701 0.000048666359717805264 0.003740191149730368 -0.002736775780242494 0.9999892592723572
232537000000 0.07672056555747986 0.02137286402285099 -0.001710807322524488 0.00006171063829387966 0.003703174853858925 -0.002057974804438119 0.9999910236734643
233537000000 0.0904729813337326 0.028231950476765633 -0.002122023142874241 0.00007217396979746541 0.0036968020957364772 -0.00218261344870618 0.9999907822793752
234536000000 0.16170378029346466 0.022118061780929565 -0.002924962667748332 0.0001048960222003032 0.0036240992252350858 -0.002390088934992913 0.9999905711438049
235537000000 0.24643263220787048 0.016557561233639717 -0.00371718592941761 0.00011610359596070354 0.003605961878161824 0.0003129073184532373 0.9999934428024507
236503000000 0.25652021169662476 0.012963110581040382 -0.004551890771836042 0.00012764210257816205 0.0035528134606488716 0.0026129544922512665 0.9999902667990468
237503000000 0.29902681708335876 -0.002206129254773259 -0.005385704804211855 0.0001359855744139638 0.0035445390283160598 0.005836088545177743 0.9999766786388036
238571000000 0.3554129898548126 0.00270901364274323 -0.006196954753249884 0.00014944143535303977 0.0035032101976945292 0.006050271672456669 0.9999755494002129
239537000000 0.4105657637119293 0.03710070624947548 -0.007023392710834742 0.00016891830581882894 0.0035050057417750293 0.006352551131912283 0.9999736654009806
240537000000 0.4501537084579468 0.012525170110166073 -0.007872052490711212 0.0001685885952843252 0.003476353004399121 0.008474228025665189 0.9999580361230381
241571000000 0.5183295607566833 0.039195749908685684 -0.008572905324399471 0.00017210155796616895 0.003483463861716633 0.008095516178906243 0.9999611484844673
242536000000 0.584248960018158 0.03494832664728165 -0.009576087817549706 0.00018791888773976692 0.0034717147789888577 0.009344401165104656 0.999950295789671
243571000000 0.5935965180397034 0.03630519285798073 -0.010284203104674816 0.0001818314690337955 0.0034828957761607886 0.008175071997825646 0.9999605015060142
244504000000 0.6701425909996033 0.032679371535778046 -0.011171931400895119 0.0001858349046736917 0.0034922443683691835 0.014055635420382614 0.9998950989016744
245503000000 0.6903018951416016 0.0582461878657341 -0.01211939100176096 0.00019373086766895738 0.003508496791956975 0.00951205181710016 0.9999485855726986
246570000000 0.7343283295631409 0.04944530874490738 -0.013177921064198017 0.0001939960610198827 0.0035262845337956086 0.01548439407116779 0.9998738726575286
247537000000 0.7682044506072998 0.060110945254564285 -0.014348475262522697 0.0001878870632320663 0.0035481849404341115 0.014256830338431403 0.9998920531091249
248503000000 0.8404486775398254 0.06548850238323212 -0.01555607095360756 0.00018925682177165418 0.003575608449870841 0.019225879034711586 0.999808754103209
249536000000 0.872397243976593 0.06574923545122147 -0.016856860369443893 0.00017742651735820644 0.003598682221308546 0.019237532922719718 0.9998084493207429
250536000000 0.8978151082992554 0.059244412928819656 -0.01816732995212078 0.00018389329374354985 0.003630678627644327 0.023887497675259273 0.9997080432860255
251537000000 0.9721781015396118 0.057247623801231384 -0.019603895023465157 0.00017177768272961787 0.003642580290994979 0.025401605865569058 0.9996706760332132
252537000000 1.0155417919158936 0.06577353924512863 -0.021157104521989822 0.00019331221106365064 0.0036737930410526915 0.02765915719990749 0.9996106426494624
253537000000 1.0777894258499146 0.09722208976745605 -0.022862302139401436 0.000036683168496196726 0.0036677893740299995 0.015355406236052152 0.9998753709711921
254570000000 1.1088193655014038 0.1025943011045456 -0.02449112758040428 -0.000025782452147872255 0.003697570894494758 0.0096356087021417 0.9999467397565155
255536000000 1.1794118881225586 0.09449025988578796 -0.026049671694636345 -0.00003603077266197441 0.0036926545017513983 0.010841836830528093 0.9999344066380824
256571000000 1.2431390285491943 0.071587935090065 -0.02780454233288765 -0.000017568389226795236 0.003727496779789736 0.01746392079298168 0.9998405457519938
257536000000 1.2552595138549805 0.06651736795902252 -0.029806915670633316 -0.000030362370141736856 0.00372375572463836 0.018604441801728773 0.9998199875310935
258503000000 1.2764849662780762 0.10223998129367828 -0.03187892958521843 0.000014626324453562592 0.0037612574544482976 0.019582045089108675 0.9998011783542566
259536000000 1.3379219770431519 0.08855835348367691 -0.03403523564338684 -0.000005276234610965692 0.00376168000849891 0.022008543425083436 0.999750705802192
260537000000 1.3764406442642212 0.08963093906641006 -0.03622295707464218 0.000021735447261855926 0.0038041307439509804 0.02839575028305541 0.9995895204946457
261503000000 1.3677489757537842 0.11135135591030121 -0.03823813796043396 0.0000171135610986451 0.003809072106421006 0.02565702161037468 0.9996635473592597
262571000000 1.469301700592041 0.10150286555290222 -0.04034006968140602 -0.000032625175766923606 0.0038476922398433646 0.02762179944862251 0.9996110395525079
263536000000 1.5008482933044434 0.0930149182677269 -0.04224380478262901 -0.00032976652902020725 0.003836869982424881 0.0012835155919307607 0.99999176110131
264503000000 1.6230336427688599 0.0992908626794815 -0.04437531158328056 -0.0003585343701228073 0.003874645560939082 0.0013399237641036376 0.9999915315537372
265504000000 1.5906422138214111 0.12360506504774094 -0.046767618507146835 -0.00034393784029294075 0.0038889886970878097 -0.0029649511671950143 0.9999879831969243
266503000000 1.614941954612732 0.12883608043193817 -0.0494355708360672 -0.00034206748851309986 0.003925042282587823 0.0008326256351140621 0.9999918918508615
267571000000 1.7068607807159424 0.1284758746623993 -0.05238713324069977 -0.0003441280748540751 0.003944280879168326 0.0010425129096713792 0.9999916186604003
268536000000 1.6892216205596924 0.10371682792901993 -0.05565411597490311 -0.00034071476017129027 0.0039811472476566955 0.007071255715958887 0.9999670153173276
269537000000 1.775988221168518 0.0992305651307106 -0.059138908982276917 -0.00034138719523321026 0.004001070898161251 0.0061630715214853055 0.9999729453519589
270536000000 1.8149254322052002 0.12415187060832977 -0.06271172314882278 -0.00031239961571220875 0.004030243809981916 0.006936297734187347 0.999967773138242
271537000000 1.9592711925506592 0.11166593432426453 -0.06668969988822937 -0.0003130333172023584 0.0040470709027185855 0.007907474870904178 0.9999604967539552
272536000000 1.8992420434951782 0.1520201414823532 -0.07114383578300476 -0.000289397855466754 0.004069620151627023 0.005855788632065875 0.9999745317657841
273536000000 2.0429654121398926 0.1171272024512291 -0.07593625783920288 -0.00029324951534661985 0.004080830729394683 0.011111767595491961 0.9999298922655445
274503000000 2.1681900024414062 0.10676361620426178 -0.08106595277786255 -0.0005617519743156464 0.004074280251962185 -0.009567812013328325 0.9999457693537311
275537000000 2.115072011947632 0.1026448979973793 -0.0866418108344078 -0.0005241416621927593 0.0040870302931954455 -0.008735645642764635 0.9999533538891224
276568000000 2.167050838470459 0.11408746242523193 -0.0925806313753128 -0.0005220165340384059 0.0040905665571240694 -0.011790996725461316 0.9999219805365818
277503000000 2.32903790473938 0.0796041190624237 -0.09890510141849518 -0.0004883028040267045 0.0041075155710904015 -0.005686918483187357 0.9999752741115004
278536000000 2.190147876739502 0.08577246218919754 -0.10566772520542145 -0.0004958220113633539 0.0041072513269790325 -0.0070213295593854076 0.9999667922377664
279535000000 2.3167147636413574 0.10580100864171982 -0.1128249317407608 -0.0004411028270714558 0.004126708573576144 -0.00448978887718365 0.9999813085755569
280571000000 2.270751476287842 0.11861912161111832 -0.12038689851760864 -0.00044615341207232333 0.004121344204465833 -0.005788486236274 0.9999746541268802
281570000000 2.379298210144043 0.09960545599460602 -0.12834374606609344 -0.0003935686348821043 0.004142176765867986 -0.0030228852248680824 0.9999867747326897
282537000000 2.451969861984253 0.10881434381008148 -0.1367383748292923 -0.0003912123461440928 0.00413323009129069 -0.004632936242760735 0.9999806494446195
283503000000 2.6433818340301514 0.05213157832622528 -0.14558342099189758 -0.0003624136581158691 0.004154314242089045 0.0033884415963148207 0.9999855642923385
284570000000 2.632143974304199 0.08387793600559235 -0.15490585565567017 -0.00034376303723695914 0.004143631983711603 -0.00013786901028366128 0.9999913465291056
285503000000 2.5006113052368164 0.07352329790592194 -0.16469918191432953 -0.000308281081462186 0.004168021589157564 0.005546367442311094 0.9999758848927317
286504000000 2.489356517791748 0.045523062348365784 -0.17490829527378082 -0.00029473546492487975 0.004155462118274626 0.005447693497042134 0.999976483674067
287537000000 2.6362102031707764 0.11590994894504547 -0.18553876876831055 -0.00022091212823473124 0.004179830735426481 0.0018120227497046644 0.9999895983391074
288537000000 2.526575803756714 0.0938042625784874 -0.19667845964431763 -0.0003734423969958214 0.004160025861782117 -0.006968588787013673 0.9999669962033361
289537000000 2.498392105102539 0.07959184050559998 -0.20805352926254272 -0.0003327175473288415 0.004179390544486246 -0.00443933589291363 0.9999813569714888
290536000000 2.4837043285369873 0.11635756492614746 -0.21964673697948456 -0.0002909250005224003 0.0041657388743329875 -0.00798865191049186 0.9999593708861015
291504000000 2.447671413421631 0.11313154548406601 -0.2318846434354782 -0.0002650792946967664 0.004178168823679818 -0.003224079716740252 0.9999860388766577
292537000000 2.661034345626831 0.07018189132213593 -0.24467629194259644 -0.0002398877702571652 0.0041628400914432975 -0.0029720211567522588 0.9999868900673019
293536000000 2.7483160495758057 0.13455793261528015 -0.25798743963241577 -0.0001837647911714606 0.004169985792741764 -0.005461918823971355 0.999976372166738
294471000000 2.8028769493103027 0.08338579535484314 -0.27175426483154297 -0.00017901284372255895 0.004158294694955218 -0.0013255814622003133 0.9999904596412001
295536000000 2.9577014446258545 0.09009020775556564 -0.2860039472579956 -0.00014666650665202743 0.004164375843513341 0.0005833530572708286 0.9999911480418116
296536000000 2.867123603820801 0.09063327312469482 -0.300724059343338 -0.00012102355266535612 0.004152181353411358 0.0003946746815866083 0.9999912944497086
297537000000 2.667689800262451 0.0995001569390297 -0.3159366846084595 -0.00009812571311605561 0.0041556789542844036 0.003228079817402328 0.9999861500063217
298537000000 2.650017023086548 0.10260533541440964 -0.331600159406662 -0.00006371459036582466 0.004144750254871929 0.0021799666751830837 0.9999890323053903
299503000000 2.6352007389068604 0.1252768188714981 -0.3477728068828583 -0.00003437834962557093 0.004144037174026381 0.0022477111984012177 0.9999888867224463
300536000000 2.685190200805664 0.10966479033231735 -0.3644024133682251 -0.00011050342997502626 0.0041313860985411335 -0.006235583732636759 0.9999720180752109
301570000000 2.8341588973999023 0.10635188966989517 -0.38152554631233215 -0.00038563497589269363 0.004121183631031592 -0.026661800198641762 0.9996359415013609
302504000000 2.9630656242370605 0.08780976384878159 -0.399132639169693 -0.0005962838951723947 0.004112185549090769 -0.04977403406719298 0.9987518610286561
303503000000 3.1402950286865234 0.06380365788936615 -0.4171708822250366 -0.0007943294714563763 0.004126327901237214 -0.06424673736694098 0.9979251971948827
304504000000 3.0495729446411133 0.08381052315235138 -0.43554604053497314 -0.0007901568098293507 0.004109613118795636 -0.07309025519530422 0.9973165502124766
305527000000 2.8559048175811768 0.07571094483137131 -0.4543323218822479 -0.0007799740816690499 0.004113356822214275 -0.07467194445216203 0.9971993645444318
306537000000 2.7876381874084473 0.08525330573320389 -0.47349056601524353 -0.0007892995608918869 0.004098052818421001 -0.08149881121039788 0.9966647012614586
307535000000 2.824392557144165 0.10061679035425186 -0.4928828775882721 -0.0005866522918267965 0.0040862667808711775 -0.07243778693328325 0.9973643894219867
308504000000 3.039065361022949 0.062491483986377716 -0.5126116871833801 -0.0003444673198976418 0.004064060674697691 -0.05229498146209254 0.9986233522539804
309537000000 2.926037311553955 0.02874094992876053 -0.532320499420166 -0.0003405518597053997 0.004049689429196853 -0.05009970597453016 0.9987359528430042
310571000000 3.3235747814178467 0.031236551702022552 -0.5524351596832275 -0.0003193224396322338 0.004040419307199585 -0.05740470018724754 0.9983427635043055
311536000000 2.944704294204712 0.07976271957159042 -0.5734591484069824 -0.00030026775294555687 0.00402737696981718 -0.06167690167478765 0.9980879970592862
312537000000 2.9230806827545166 0.04816260188817978 -0.594933807849884 -0.00031843450246031417 0.004024824113935606 -0.06369512504790507 0.9979612369403189
313571000000 2.591383218765259 0.062132328748703 -0.6170173287391663 -0.0002985278492250181 0.004009156133364139 -0.06645533434123432 0.9977813017319058
314504000000 2.6124792098999023 0.04226438328623772 -0.6396501064300537 -0.0003239192117591563 0.0040021145659199465 -0.07002431745560879 0.9975372038777409
315503000000 2.4922385215759277 0.03337979316711426 -0.6627946496009827 -0.00029866763750464816 0.0039929821947753625 -0.07340109922603517 0.9972944627958406
316537000000 2.424983501434326 0.05142749845981598 -0.6863365769386292 -0.00009668720610803651 0.003965222285074375 -0.05894540073758034 0.9982533282667783
317503000000 2.572169303894043 0.04676523432135582 -0.7091595530509949 0.00020437392097323175 0.003930786413088587 -0.03586205312104267 0.9993489982460676
318504000000 2.654395818710327 0.03208427503705025 -0.7326369881629944 0.00043762826212200516 0.0039266983303867155 -0.01695258999999304 0.9998484881290858
319537000000 2.7147903442382812 0.036154113709926605 -0.756701648235321 0.0004725229257542338 0.003901132883824303 -0.017541673208930644 0.9998384107371243
320537000000 2.7326927185058594 0.02448609657585621 -0.7814245223999023 0.0004506340771092577 0.00391108271071551 -0.018367372130887096 0.9998235544344632
321571000000 2.9870357513427734 0.018408307805657387 -0.8066036105155945 0.0004749103722375489 0.003885672939234636 -0.020270117260804264 0.9997868764652699
322536000000 2.997964382171631 0.021619949489831924 -0.8323479294776917 0.0004579953579357633 0.0038846148326188365 -0.021833519822464845 0.999753968444245
323504000000 2.696786403656006 0.03520043566823006 -0.8586888909339905 0.0004843007142441941 0.003869547819457045 -0.024055104018751435 0.9997030279153596
324504000000 2.747485637664795 0.03553948923945427 -0.8855684995651245 0.00047594392133298066 0.0038675140513970883 -0.025257198528429677 0.9996733915309246
325503000000 2.7052693367004395 0.018998801708221436 -0.9132588505744934 0.0004786478099730376 0.003853910084146972 -0.02584521903951421 0.9996584131222709
326536000000 2.686429023742676 0.009396949782967567 -0.9414076805114746 0.00047251534035949185 0.003852862279460349 -0.024996401764791044 0.9996800048417103
327537000000 2.602940559387207 0.02789291925728321 -0.9701620936393738 0.0004818987642544663 0.0038385028853701797 -0.03040837763391941 0.9995300717031245
328537000000 2.55168080329895 0.06675553321838379 -0.9995589256286621 0.000500919631069493 0.003834981734894865 -0.03463502127364728 0.9993925441466883
329570000000 2.5449254512786865 0.05051872879266739 -1.0291752815246582 0.0004763488833102767 0.0038267908515104035 -0.033890113635549876 0.9994181251914984
330535000000 2.5603842735290527 -0.0002002302644541487 -1.0594093799591064 0.00046231400461409314 0.003824586168866783 -0.032166069423656525 0.9994751136392694
331570000000 2.5388591289520264 0.056142259389162064 -1.090490698814392 0.00047482864397977993 0.0038149415599190903 -0.04267818513274908 0.9990814747919351
332571000000 2.7509145736694336 0.013458957895636559 -1.1222537755966187 0.0007029191571252862 0.0037883997012955425 -0.018486615474624348 0.9998216835919569
333536000000 2.9403603076934814 0.031529590487480164 -1.15463125705719 0.0009328029930253147 0.0037744510223472476 0.0005801642476956809 0.9999922733739006
334503000000 3.090378522872925 -0.023590413853526115 -1.1874250173568726 0.0009290154991683014 0.003768766942992225 0.00543898621851027 0.9999776751282233
335535000000 2.9600179195404053 -0.02201908826828003 -1.220837116241455 0.0007525693228319985 0.0037913904921203054 -0.009202578592067238 0.9999501845316133
336570000000 3.0095839500427246 -0.009451335296034813 -1.25484037399292 0.0007718170508125661 0.0037764695421370164 -0.010073885317694589 0.9999418280134317
337536000000 3.3627395629882812 0.009400427341461182 -1.2894049882888794 0.0007790289769345018 0.0037911016925807842 -0.010170134932623767 0.999940792755882
338571000000 3.4591336250305176 -0.034563302993774414 -1.3245033025741577 0.0007760124269793104 0.003773986154819206 -0.00559766267032969 0.9999769102363542
339503000000 3.3716881275177 0.004483119118958712 -1.3601374626159668 0.000799694106965366 0.00378596937679063 -0.009048801890467577 0.9999515718821388
340537000000 3.4264609813690186 -0.014270754531025887 -1.3963403701782227 0.0008005044992266522 0.0037678481690633903 -0.0069248429427740555 0.9999686040386165
341536000000 3.125488042831421 0.005774924531579018 -1.4332140684127808 0.0008085265258155459 0.0037836393147941327 -0.006828801706066943 0.9999691984384578
342536000000 3.155198574066162 0.03853576257824898 -1.470592737197876 0.0008274843132997252 0.0037609501739251415 -0.010358727434715253 0.9999389317800531
343503000000 3.2108399868011475 0.06011785939335823 -1.50859534740448 0.0008343127841657768 0.00377706099752177 -0.010114404587947731 0.9999413665571749
344536000000 3.127136707305908 0.005991528742015362 -1.547151803970337 0.0008100856046068482 0.003763471036016766 -0.003477000118104583 0.9999865451681103
345536000000 3.026449203491211 0.0013189483433961868 -1.586320161819458 0.0008055482222225293 0.003781671202776568 -0.00031741781481641845 0.9999924746221376
346537000000 3.230412244796753 0.008026286028325558 -1.626092553138733 0.0008020137027919371 0.0037636491367813996 -0.00034750464298968336 0.9999925354519997
347537000000 3.327916145324707 0.020496314391493797 -1.6664468050003052 0.000809969107799923 0.0037787904811040236 -0.00013864193124428937 0.9999925227075247
348536000000 3.1795475482940674 0.01657899282872677 -1.7073767185211182 0.0007884423525237642 0.0037652154485967823 0.003079850343417337 0.9999878579428574
349537000000 3.1110737323760986 0.021385440602898598 -1.748504400253296 0.0007947476848004591 0.0037829085054265276 0.003973233414132398 0.9999846355797642
350536000000 3.1180238723754883 0.04734482988715172 -1.7904243469238281 0.0007873020414805164 0.0037671172020399125 0.0024529583646306957 0.9999895859351451
351536000000 3.0956838130950928 0.0209657009691 -1.8331475257873535 0.0007789239955951859 0.003777636224395347 0.00589871151734448 0.9999751636637784
352570000000 3.217141628265381 0.008596298284828663 -1.8766080141067505 0.0007626400427910312 0.0037729877557801 0.0077788471282863704 0.9999623355311513
353504000000 3.3392508029937744 0.01758796162903309 -1.9206255674362183 0.0007508341472640803 0.0037797244116390544 0.007676955550932894 0.9999631064618957
354537000000 3.142171621322632 -0.000772689760196954 -1.9652457237243652 0.000732264439635913 0.003781800509570586 0.014328856186377907 0.9998899167678842
355537000000 3.0522987842559814 0.01248124334961176 -2.0105838775634766 0.0007111305270655859 0.003788190321928083 0.013741334163900389 0.9998981546351879
356536000000 3.307676076889038 0.025979047641158104 -2.0564379692077637 0.0005079314446703785 0.003793669962115635 -0.004570373424944592 0.9999822307224377
357571000000 3.465379476547241 0.03600813075900078 -2.1029586791992188 0.0002284690359945424 0.003803478327472232 -0.031500248402062746 0.9994964810869122
358504000000 3.3403868675231934 0.019070446491241455 -2.1501190662384033 0.00018137938502670422 0.003802818825040239 -0.03314299266170406 0.999443368934893
359571000000 3.633007764816284 0.031503334641456604 -2.1979424953460693 0.0001441153867585017 0.003802140865557508 -0.03511135596141085 0.9993761632329164
360537000000 3.6941134929656982 0.03185717388987541 -2.246302604675293 0.00010488399645461959 0.0037986148086272477 -0.037248781671997216 0.9992987980523318
361571000000 3.7961111068725586 0.02532913163304329 -2.295297384262085 0.00007248824440262614 0.003795390628846957 -0.040334068048904874 0.999179039366847
362537000000 3.9222843647003174 0.012314744293689728 -2.344909429550171 0.000033552599351945014 0.003797427004418752 -0.04374089394128169 0.9990356913642209
363537000000 3.837738513946533 0.009327847510576248 -2.3951826095581055 -0.0000070122863127476405 0.0037902020957822588 -0.04375404540845262 0.9990351434405578
364571000000 3.738032341003418 -0.00036244437796995044 -2.4459381103515625 -0.000056259312854151105 0.0037994388026508837 -0.048471565568589725 0.998817334867094
365535000000 3.913761615753174 -0.020251192152500153 -2.4971683025360107 -0.00009469214135978699 0.003787257658481641 -0.04750723796127259 0.9988637094489506
366504000000 3.9631524085998535 -0.010998689569532871 -2.5489351749420166 -0.00015581823733829862 0.003802030571487569 -0.05332028869306649 0.9985702114012306
367536000000 4.0929694175720215 -0.025847064331173897 -2.601201057434082 -0.00017737332148122948 0.003786660704052996 -0.053403593726173024 0.9985658145142697
368537000000 3.94441294670105 -0.011272636242210865 -2.6538636684417725 -0.0000544194912124446 0.0037957078182249905 -0.0459160821788772 0.9989380876901331
369571000000 3.9472525119781494 -0.004965263418853283 -2.7064125537872314 0.0002295540199314031 0.0037595918934952006 -0.022068902966961155 0.9997493567367679
370504000000 4.05327844619751 -0.012745944783091545 -2.759730339050293 0.00033609291827647913 0.003770463421184789 -0.009432989020019924 0.9999483433484392
371537000000 3.9847724437713623 -0.017190171405673027 -2.813849925994873 0.00033940675591970145 0.003754785723684882 -0.009369010877789706 0.9999490027108359
372537000000 3.938598871231079 -0.008093292824923992 -2.8686249256134033 0.00032903996615293564 0.003778887014581464 -0.007340798886415038 0.9999658616259562
373536000000 3.9072577953338623 0.0066224089823663235 -2.923926591873169 0.00033491916613522806 0.0037646468899569744 -0.008270716422637747 0.9999586544016719
374536000000 3.713477849960327 0.008791091851890087 -2.9798381328582764 0.0003288671447059869 0.0037879092808560198 -0.006682987351186006 0.9999704401979815
375470000000 3.540400505065918 0.02703848108649254 -3.036367654800415 0.00032472985586751537 0.0037760794899780784 -0.005709085602718844 0.9999765207822567
376536000000 3.589740514755249 -0.020731385797262192 -3.0935394763946533 0.0003099064901040006 0.003799563089513913 -0.00028244840343155013 0.9999926937239069
377503000000 3.58994722366333 -0.005648526828736067 -3.1514341831207275 0.00030807200660637127 0.0037868911850551133 -0.0009663709349587061 0.9999923153074763
378504000000 3.5627853870391846 0.012904329225420952 -3.209839344024658 0.0003186824155976567 0.003807005237724248 -0.0008151657140264616 0.9999923702996422
379537000000 3.691215991973877 -0.012777826748788357 -3.2688324451446533 0.00029413193518845895 0.0037981610380740565 0.0034336355375115847 0.9999868487165865
380504000000 3.8378283977508545 -0.0018924459582194686 -3.3284895420074463 0.0003018225584425249 0.0038107101644117188 0.001342720210427035 0.9999917922131274
381503000000 3.5866518020629883 0.009524832479655743 -3.388798952102661 0.0002968819965454141 0.0038087382838060627 0.0040848329012549015 0.9999843596346568
382536000000 3.542654037475586 0.037814777344465256 -3.449779987335205 0.00029184406506238027 0.0038210180152665483 0.0006795856971280218 0.9999924263771445
383304000000 3.534316062927246 0.02868490293622017 -3.5113942623138428 0.00029903233801608736 0.0038215176545743114 0.005348739742662539 0.9999783485484284
384570000000 3.4711856842041016 0.011764844879508018 -3.561171054840088 0.0002956593226938041 0.0038255872722535323 0.005583539192786278 0.9999770505154955
385536000000 3.450474739074707 0.002957771997898817 -3.640993118286133 0.0003894224337023776 0.00391529660436802 0.011814411172224882 0.9999224662399189
386537000000 3.486696481704712 0.012891542166471481 -3.709214448928833 0.00038152292323385105 0.003917236860070953 0.010057511458044358 0.9999416763786338
387503000000 3.5735979080200195 0.03429986163973808 -3.778182029724121 0.00038338729241590633 0.003917998382129955 0.01193550888332107 0.9999210198463466
388503000000 3.7922823429107666 0.025882398709654808 -3.8479011058807373 0.00036909567622564926 0.003914964187296429 0.012216099465278464 0.9999176484779375
389537000000 3.880209445953369 0.0021736430935561657 -3.9178643226623535 0.00019769580145365288 0.0039183311233153065 0.005197635113518509 0.9999787958685948
390536000000 3.874812602996826 -0.0001429397234460339 -3.98885178565979 -0.00011578141470152271 0.003906372243210818 -0.017377943146255362 0.9998413543870682
391537000000 3.909472942352295 0.015012775547802448 -4.060546398162842 -0.00020158428203707077 0.0039137586509151966 -0.02647571011749336 0.9996417751528666
392535000000 3.95613431930542 0.018800806254148483 -4.133049011230469 -0.0002312085825780049 0.0038980739747247156 -0.02863445578989084 0.9995823225245112
393537000000 4.072220802307129 -0.010872609913349152 -4.2061448097229 -0.00027056501955804654 0.0039054649450910267 -0.03027755178398447 0.9995338633563653
394536000000 4.18259334564209 -0.009717020206153393 -4.279922962188721 -0.00029908300009168475 0.0038843864907921856 -0.030417022263440004 0.9995297028340752
395537000000 3.9184303283691406 0.04601946473121643 -4.354363441467285 -0.000320170545258754 0.0038969761073905226 -0.039136456978774214 0.9992262250377483
396537000000 3.9080893993377686 0.022618670016527176 -4.429512023925781 -0.0003453788592331068 0.0038740520016855282 -0.03708308732087967 0.9993046167557138
397571000000 3.8879311084747314 -0.007013811729848385 -4.505361080169678 -0.00040863415278170407 0.003887048447245535 -0.037888874086395304 0.9992743152372943
398504000000 3.9563982486724854 0.020740734413266182 -4.581894874572754 -0.00039855332191733253 0.0038633796688777706 -0.04146508037366441 0.9991324049205837
399537000000 4.090695381164551 -0.0055464766919612885 -4.65915060043335 -0.0004643367750714161 0.0038788673361537587 -0.045118218959833416 0.9989740162273693
400570000000 4.039846897125244 0.004773973952978849 -4.737229824066162 -0.0004515855734873692 0.003852478404456053 -0.04643893573609706 0.9989135997313842
401503000000 4.212891578674316 -0.03496324643492699 -4.815835475921631 -0.0005344186266772252 0.0038685665463235397 -0.04930446842593436 0.9987761600993709
402537000000 4.556624412536621 -0.023432167246937752 -4.894747734069824 -0.0005151017010003457 0.003846917748284019 -0.05145308999630555 0.9986678704273547
403537000000 4.56715726852417 -0.011943286284804344 -4.974367618560791 -0.0005789112055565226 0.0038565389311257816 -0.05887857785369381 0.9982575344264701
404571000000 4.692484378814697 -0.03561190515756607 -5.0547709465026855 -0.000572116749373467 0.0038475889699790514 -0.058988674452808476 0.9982510731413434
405536000000 4.814643859863281 -0.028823288157582283 -5.135885238647461 -0.0006097544539038341 0.0038580200678894256 -0.06431336059870964 0.997922108948971
406504000000 5.003770351409912 -0.05125164985656738 -5.2176408767700195 -0.0006268548695479361 0.0038537333626915385 -0.06868241255500662 0.9976309347638361
407503000000 4.942684650421143 -0.07047717273235321 -5.300138473510742 -0.0005855567543447577 0.003859025767520577 -0.05989533590156392 0.9981970315426969
408536000000 5.092021465301514 -0.06147920340299606 -5.383507251739502 -0.00037508756100617144 0.003839992354606404 -0.045803367263043564 0.9989430240586321
409504000000 5.287003993988037 -0.03291779384016991 -5.467223167419434 -0.00013737253231553562 0.0038334271474413113 -0.029625037675766235 0.9995537219718619
410503000000 5.370115756988525 -0.062045060098171234 -5.552134990692139 0.00012198774250950266 0.003829994804414452 -0.0036406116988522085 0.999986031005057
411537000000 5.371723651885986 -0.06557725369930267 -5.637454986572266 0.0002769684864499412 0.003835730731441299 0.012568467268120548 0.9999136183134739
412503000000 5.567800045013428 -0.10077322274446487 -5.7237091064453125 0.000274535863490288 0.0038327101964588236 0.019629180152541035 0.9997999451135957
413536000000 5.549191474914551 -0.052006855607032776 -5.8106842041015625 0.00030473935754484974 0.003842522389658246 0.015713511003279893 0.9998691052970676
414537000000 5.561495304107666 -0.05563829094171524 -5.898338794708252 0.000305910306618467 0.0038403918862404784 0.020231339908574883 0.9997879028546744
415536000000 5.6134467124938965 -0.03709563985466957 -5.986845970153809 0.0003216211381941938 0.00385065104308176 0.017139784434692627 0.9998456365039156
416504000000 5.573750972747803 -0.05888072028756142 -6.07609224319458 0.000340962475759459 0.0038420940680198206 0.024779023668685063 0.9996855115704084
417537000000 5.79879903793335 -0.023661276325583458 -6.1660966873168945 0.00036665599035497806 0.0038579934203003684 0.024124040457821832 0.9997014614984531
418537000000 5.822300434112549 -0.017153488472104073 -6.256836414337158 0.0003919275809042827 0.003851246501149508 0.026840758577932434 0.9996322263573338
419537000000 5.568997859954834 -0.0012359149986878037 -6.348361492156982 0.00039364761500786365 0.003865786160951337 0.03376822681892405 0.9994221368352908
420570000000 5.507901668548584 0.004264068324118853 -6.440756320953369 0.0004040598532270339 0.0038702359710415975 0.034837072149139385 0.9993854293580825
421571000000 5.419406414031982 -0.011980702169239521 -6.533877849578857 0.00022892243488670851 0.003863138116655159 0.02729779018984915 0.9996198549494512
422571000000 5.4654645919799805 -0.0043149059638381 -6.6277899742126465 0.000031803584975235576 0.0038633111109887216 0.00854172671689075 0.9999560553946787
423537000000 5.444818496704102 0.008869198150932789 -6.722493648529053 0.00006535974272896376 0.0038548474389299616 0.013374838307449781 0.9999031200969304
424566000000 5.8656792640686035 0.030244626104831696 -6.8179450035095215 0.00011417378382536524 0.0038742338953480795 0.011702739159853674 0.999924008698775
425536000000 5.846646785736084 0.018228091299533844 -6.914363384246826 0.00011022024053276346 0.003861878071067515 0.015285500224816095 0.9998757058915573
426536000000 5.9780097007751465 0.02349868416786194 -7.011709213256836 0.0001281252661363357 0.0038772466878881336 0.017651415751708296 0.9998366756945846
427537000000 6.0906171798706055 -0.006790386512875557 -7.109360694885254 0.00011542584671618145 0.003879857219260251 0.021308326504221178 0.9997654167885693
428503000000 5.932927131652832 0.010859653353691101 -7.207655906677246 0.0001679261697105931 0.003872309039608846 0.024283261339313265 0.9996976043995653
429537000000 5.95780611038208 0.04361235350370407 -7.306750297546387 0.0002819023046966084 0.0038409880946961724 0.0277423661450298 0.9996076872764745
430503000000 6.154998779296875 0.02568257786333561 -7.408905982971191 0.00025832004495127586 0.0038504796605873873 0.030756354272841714 0.9995194614158252
431536000000 6.067809581756592 0.02354315109550953 -7.510375499725342 0.00029793898364936967 0.003847155821268697 0.03779496059079105 0.9992780651942629
432536000000 6.110463619232178 0.032540906220674515 -7.612497806549072 0.00031482214799063513 0.00386429155704745 0.04149100044392403 0.9991313552381086
433537000000 6.098312854766846 0.025059223175048828 -7.715435028076172 0.0002886062738799067 0.003875924048888787 0.042127039317776956 0.9991047024599096
434536000000 6.065062522888184 0.07331528514623642 -7.819046497344971 0.0003453556951566868 0.003870301978396945 0.04422363550675826 0.9990140997776784
435536000000 5.94866943359375 0.051012057811021805 -7.922205924987793 0.00034379573810598246 0.003897406772974336 0.05144458627891418 0.9986681864200581
436504000000 5.647428512573242 0.10009410232305527 -8.022278785705566 0.00016029517752592804 0.00388408852402716 0.03674758897060918 0.9993170182012516
437537000000 5.449081897735596 0.10084770619869232 -8.122965812683105 -0.00009594932315538491 0.0038550919569353293 0.015459044670074303 0.999873065442619
438570000000 5.331226825714111 0.11877113580703735 -8.225008010864258 -0.00032807545212131927 0.003848158830593444 -0.004409533615284134 0.9999828198791256
439536000000 5.172966957092285 0.09755449742078781 -8.327786445617676 -0.0005849774474831007 0.0038398920786560735 -0.02482297842152386 0.9996843165582296
440570000000 5.067354202270508 0.11951190233230591 -8.431388854980469 -0.0006936457078496186 0.0038354843624768347 -0.03643703339867339 0.9993283496991572
441503000000 4.964105129241943 0.0822075679898262 -8.53582763671875 -0.0007135548877906007 0.00382890771551127 -0.0380662688180942 0.9992676265562678
442537000000 4.763256549835205 0.12711793184280396 -8.64111614227295 -0.0007295699476450859 0.0038305790979419165 -0.04112494819046112 0.9991464021992962
443570000000 4.537985801696777 0.09956273436546326 -8.747295379638672 -0.0007620758507179613 0.0038244857871395574 -0.044283768819455276 0.9990113815007349
444537000000 4.628185272216797 0.09879623353481293 -8.854423522949219 -0.0007891630874019952 0.0038160969587033686 -0.04613041268186522 0.9989278250461461
445536000000 4.7000322341918945 0.07109690457582474 -8.962414741516113 -0.0007354502647698699 0.003808017328617531 -0.03736762328481728 0.9992940602480217
446537000000 4.750813961029053 0.08029613643884659 -9.07162857055664 -0.0004650953382931228 0.00381510220628875 -0.01902653041278429 0.99981159216221
447537000000 5.035985946655273 0.07304349541664124 -9.181529998779297 -0.00020257736810531013 0.0038269354316867047 0.00102322759169095 0.9999921332355106
448535000000 5.137118339538574 0.0659206360578537 -9.29203987121582 0.000005127710096060143 0.003848825329526436 0.022268467555890677 0.999744618325101
449571000000 4.992917060852051 0.07521149516105652 -9.403434753417969 -0.00005386369325415308 0.0038394878205317085 0.01643497425501681 0.9998575633825127
450571000000 4.91624116897583 0.10862845182418823 -9.515928268432617 -0.00027407717609328786 0.003828599273613635 -0.0057181884515380196 0.9999762842338493
451537000000 4.876209735870361 0.08862101286649704 -9.629398345947266 -0.00034131393657520193 0.0038374260478857627 -0.009358347207746642 0.9999487881905068
452536000000 4.8703999519348145 0.10638189315795898 -9.743739128112793 -0.0003266781975412879 0.003833277740477306 -0.011464466697903759 0.9999268799599559
453504000000 4.7627973556518555 0.09595544636249542 -9.858927726745605 -0.0003015654544896506 0.0038287992085428886 -0.007623907072395512 0.9999635620340618
454535000000 4.773993492126465 0.09412804245948792 -9.975011825561523 -0.00028415464810519424 0.003841939725465131 -0.00518763552335711 0.9999791233785627
455536000000 4.842482566833496 0.1242477148771286 -10.092000961303711 -0.00026886588385844815 0.0038386278319988607 -0.007524359402363268 0.9999642876938595
456569000000 4.977889060974121 0.10117033869028091 -10.209884643554688 -0.0002406212493941668 0.003832147145976085 -0.004387145090851197 0.999983004709389
457502000000 4.931238651275635 0.10381992906332016 -10.328679084777832 -0.00022379339819266072 0.003846209403928469 -0.0015542492819211073 0.9999913704122179
458536000000 4.883528709411621 0.10650747269392014 -10.448622703552246 -0.00021228079144662454 0.003844492632085091 -0.0029946141168505935 0.9999881034790157
459537000000 4.912469387054443 0.15949727594852448 -10.569158554077148 -0.00017381063377346862 0.003838081185922084 -0.00240666501949608 0.9999897233902746
460537000000 4.9802093505859375 0.097721628844738 -10.690692901611328 -0.00016045724731512058 0.003853815820526228 0.0019681177289650915 0.9999906243908983
461570000000 4.9976043701171875 0.12170052528381348 -10.81314468383789 -0.00014881212829111245 0.003852242629146367 -0.0000013248642330067942 0.9999925690123509
462537000000 5.034506320953369 0.12303923070430756 -10.936511039733887 -0.00011246847575364504 0.0038426202445744216 0.0021942041281760513 0.9999902034963851
463570000000 5.142321586608887 0.11873788386583328 -11.060819625854492 -0.00009287230794255904 0.0038596901229663813 0.005649697568735589 0.9999765872680574
464537000000 5.285521984100342 0.10128102451562881 -11.186070442199707 -0.0000932858118947813 0.0038544025246481676 0.007416582297905626 0.9999650639827142
465537000000 5.317538738250732 0.11495999246835709 -11.31224250793457 -0.000051983235427999056 0.0038478471838493977 0.008225531326346944 0.9999587651519398
466537000000 5.4288530349731445 0.13087916374206543 -11.439370155334473 -0.000028880751988212735 0.0038651305430097804 0.012293971584949713 0.999916955649046
467537000000 5.443612098693848 0.13469195365905762 -11.567456245422363 -0.000009272695890708932 0.003858937469949964 0.010521195490117026 0.9999372045089024
468503000000 5.496120452880859 0.121334508061409 -11.695908546447754 0.00001874297268938556 0.0038564942413087736 0.01392075340678017 0.9998956644197712
469537000000 5.58073616027832 0.1409347653388977 -11.825481414794922 0.000055781636987206024 0.0038735730135196884 0.017513935818732014 0.9998391142442143
470536000000 5.691474437713623 0.14974777400493622 -11.956235885620117 0.0000785259439404131 0.0038723150729961455 0.019381551634798117 0.9998046581537211
471570000000 5.737473964691162 0.13362428545951843 -12.089177131652832 -0.00016151332602246953 0.003855659859360809 0.0015482336426485273 0.9999913553491762
472537000000 5.788473606109619 0.13281741738319397 -12.221915245056152 -0.00037795967621679185 0.003856365067597145 -0.018916715696217248 0.9998135543501183
473566000000 5.87575626373291 0.17031054198741913 -12.355609893798828 -0.0005372578533302996 0.0038604665684170802 -0.03660473181508306 0.9993222211882506
474537000000 5.980243682861328 0.11680079251527786 -12.491336822509766 -0.0005834681385805295 0.0038449753266146104 -0.03661601786102713 0.9993218415333821
475536000000 6.019469261169434 0.12381285429000854 -12.62697982788086 -0.0005705570237311774 0.003842389171978629 -0.03763815427869242 0.9992838835149035
476537000000 6.109026908874512 0.12143775820732117 -12.764436721801758 -0.0002884955941500051 0.0038495460038261483 -0.016812333023695978 0.9998512105429271
477571000000 6.113903999328613 0.1134689450263977 -12.902091026306152 -0.00027926792532058587 0.0038400797580853334 -0.01665348154117751 0.9998539080032817
478537000000 6.179112911224365 0.12639367580413818 -13.040742874145508 -0.00024153933391613382 0.003848471204059929 -0.016251069586159746 0.9998605071035895
479570000000 6.277508735656738 0.1467951536178589 -13.180397033691406 -0.0002127707998060931 0.0038539690872417876 -0.01797381159869992 0.9998310075945214
480536000000 6.345034122467041 0.1469455063343048 -13.321048736572266 -0.00022022024128953526 0.003848215139492137 -0.015330111055458383 0.9998750574138315
481571000000 6.391020774841309 0.1222260519862175 -13.462716102600098 -0.00024316137050679922 0.00385133508897038 -0.01810604028564069 0.9998286250131846
482536000000 6.490431785583496 0.09935110062360764 -13.605427742004395 -0.0004027046027262526 0.003848585441410888 -0.02835191482989228 0.9995905137327893
483571000000 6.574579238891602 0.12639620900154114 -13.749152183532715 -0.0004057232296174009 0.0038494100889002315 -0.03429927917138942 0.9994041108975645
484535000000 6.620462894439697 0.11999467760324478 -13.893891334533691 -0.0004080989237874128 0.0038413569152562013 -0.035632703793101 0.999357487515209
485534000000 6.705225467681885 0.1008218303322792 -14.03966999053955 -0.00043174702367067676 0.0038420727772864095 -0.0378956660393804 0.9992742219064361
486504000000 6.77314567565918 0.09392327815294266 -14.186775207519531 -0.0004479870672318043 0.0038418994591282543 -0.03996331087271567 0.9991936613591103
487536000000 6.846426963806152 0.12071957439184189 -14.334559440612793 -0.00044327342719840366 0.00383453436389873 -0.04591385896511299 0.9989379447242019
488570000000 6.92436408996582 0.078987255692482 -14.482874870300293 -0.0004904721323969311 0.003837664559815896 -0.046541808770054746 0.9989088505986046
489536000000 6.961149215698242 0.087016761302948 -14.632556915283203 -0.0004920576857916597 0.0038400374507187043 -0.049388025801864015 0.9987721636584619
490536000000 7.033692359924316 0.08256267011165619 -14.78374195098877 -0.0004986569830497878 0.0038313814820393932 -0.05551323932445059 0.9984504755454117
491536000000 7.073243141174316 0.06581316888332367 -14.935579299926758 -0.0005674373788886417 0.003831441437812633 -0.057431250513926016 0.998341950203304
492536000000 7.119822978973389 0.07871434837579727 -15.088290214538574 -0.0005397155708712138 0.0038409259209635344 -0.06263859388127674 0.9980287383396075
493570000000 7.2329421043396 0.07822892814874649 -15.241761207580566 -0.0005555294343188094 0.003835357704689497 -0.07169092314235853 0.9974193666444024
494537000000 7.302966117858887 0.0654466450214386 -15.39614486694336 -0.0006439180800112627 0.003840750930343468 -0.07255861663185749 0.9973565466543389
495536000000 7.3864641189575195 0.04752398282289505 -15.551716804504395 -0.0006269521869916923 0.0038439406837217378 -0.07180788571442416 0.997410877522498
496537000000 7.469391345977783 0.026202918961644173 -15.708446502685547 -0.0006692425711727227 0.003846100305266028 -0.08076739611462389 0.9967253319504256
497570000000 7.509409427642822 0.022162845358252525 -15.866291999816895 -0.0007483067269979984 0.0038661474208401022 -0.08771412526047107 0.9961379046954056
498503000000 7.547430038452148 -0.0040242490358650684 -16.024675369262695 -0.0007231795216343957 0.0038725713374982433 -0.08821076112481867 0.99609404266083
499571000000 7.569559097290039 0.03969193994998932 -16.18464469909668 -0.0005923887959289072 0.0038694778771407117 -0.08694399129161408 0.9962055102210369
500504000000 7.662710189819336 0.007427493575960398 -16.34595489501953 -0.0003859247967622632 0.0038696769578573124 -0.0681664971002342 0.9976663797760135
501536000000 7.742910861968994 -0.006503612268716097 -16.508241653442383 -0.00008246275743520205 0.003861579635759913 -0.044677102596613595 0.9989940129481167
502570000000 7.821930408477783 -0.03501960262656212 -16.671674728393555 0.00013873382917223536 0.003839080858681432 -0.02269775945476393 0.9997349918487494
503536000000 7.912439823150635 -0.02840239182114601 -16.83629035949707 0.00023887955327988602 0.0038448784167572675 -0.017602543209440897 0.9998376419794761
504537000000 8.013261795043945 -0.007326757535338402 -17.0020694732666 0.0002715993969999511 0.0038457392209916637 -0.01772462270093038 0.999835473602393
505536000000 8.097099304199219 -0.08529170602560043 -17.169004440307617 0.0002894834603252303 0.00383700755292265 -0.012763628815600288 0.9999111377276595
506503000000 8.147183418273926 -0.05753437057137489 -17.33715057373047 0.000311349504280604 0.003852014585992813 -0.011763460563214484 0.999923340081975
507571000000 8.164491653442383 -0.027187710627913475 -17.506263732910156 0.0003633943829914825 0.0038524750754149605 -0.018137008100862023 0.9998280228706659
508536000000 8.287959098815918 -0.048325370997190475 -17.676210403442383 0.0003700118815949036 0.0038437639471639983 -0.009382999000942012 0.999948522624877
509570000000 8.361145973205566 -0.08871034532785416 -17.847679138183594 0.00039489533836731874 0.0038573397595066707 -0.010188616517147553 0.9999405767749991
510537000000 8.377172470092773 -0.03587781637907028 -18.020530700683594 0.00042252546134481894 0.003860147562149757 -0.012356580030528305 0.9999161143130869
511536000000 8.493579864501953 -0.055252328515052795 -18.19455909729004 0.000442135650880292 0.003849967318130819 -0.006091499155101124 0.9999739376132555
512537000000 8.518428802490234 -0.05420096591114998 -18.369789123535156 0.00047013972243160575 0.0038605822902670083 -0.007819518752800576 0.9999618642725812
513536000000 8.550365447998047 -0.02570253238081932 -18.54621696472168 0.0004928233640653095 0.0038621595175365587 -0.00928207069657464 0.9999493407231071
514504000000 8.65273666381836 -0.04110703617334366 -18.724084854125977 0.0005356923404217528 0.0038521465050324792 -0.008225635226518747 0.9999586056063223
515536000000 8.72671127319336 -0.059643108397722244 -18.90275001525879 0.0005347808910375003 0.0038647268556215894 -0.0014084263999622044 0.9999913970783979
516569000000 8.735708236694336 -0.002659837482497096 -19.082530975341797 0.0005704979760458989 0.003867631740631872 -0.004449537929233555 0.9999824586306474
517570000000 8.857738494873047 -0.04719412699341774 -19.26336669921875 0.0005920708814662917 0.00386031127387502 0.00040016473261091735 0.9999922936288694
518536000000 8.877262115478516 -0.011110709048807621 -19.44544792175293 0.0006341773923072407 0.003863017557961198 -0.00285388589012925 0.9999882650559995
519536000000 8.907266616821289 -0.027110593393445015 -19.629486083984375 0.000662412833049188 0.003869015352460969 -0.00006144270854353436 0.9999922940474264
520503000000 9.069082260131836 -0.05438254401087761 -19.814170837402344 0.0006555306963052711 0.0038681027404135317 0.008439490248597682 0.9999566905946675
521504000000 9.067161560058594 -0.0067709097638726234 -20.000072479248047 0.0007070809898795963 0.0038664097056605876 0.005423231005006651 0.9999775694874
522570000000 9.133649826049805 0.002765253186225891 -20.187217712402344 0.0007558574864680379 0.0038690855096064343 0.008243625712002548 0.9999582498744135
523570000000 9.231620788574219 -0.006193340755999088 -20.37559700012207 0.0007471569035268318 0.0038727678908490374 0.012339830619370972 0.9999160824817803
524537000000 9.341033935546875 -0.03581896424293518 -20.564964294433594 0.0007692441129012677 0.0038759936435492424 0.019014062682553155 0.9998114073949516
525536000000 9.42968463897705 -0.0007319304859265685 -20.755754470825195 0.0008078032784405786 0.003888667752196026 0.02069059364562786 0.9997780378921953
526536000000 9.474016189575195 0.002444331767037511 -20.947593688964844 0.0007925308228476199 0.003893229153247884 0.020506907601483722 0.999781816899207
527536000000 9.570669174194336 0.028311243280768394 -21.140243530273438 0.000841362339770586 0.0038839821563561167 0.022251494534823016 0.9997445062529671
528504000000 9.653115272521973 0.026735497638583183 -21.33350372314453 0.0008415187427781218 0.00388726937106474 0.028985350756063663 0.9995719235875877
529504000000 9.74155044555664 0.0031610268633812666 -21.528718948364258 0.0008513351241841755 0.003901764628294748 0.03358926767486812 0.9994277425398786
530536000000 9.794654846191406 0.04116767644882202 -21.725345611572266 0.0008512294083063235 0.0039066658686071004 0.032025453697441024 0.9994790561516327
531571000000 9.873059272766113 0.05509280413389206 -21.924030303955078 0.0008739219247796896 0.003907601657055385 0.03371360273529856 0.999423513782003
532537000000 9.940441131591797 0.07373880594968796 -22.123577117919922 0.0008813670605043038 0.0039042038150373343 0.037657942532094646 0.9992826725951595
533536000000 10.062429428100586 0.019936388358473778 -22.324399948120117 0.0008431802700901373 0.003924290436287437 0.05090674218756167 0.9986953452336967
534570000000 10.092220306396484 0.04232242330908775 -22.526363372802734 0.0011416397907575162 0.003953128767200493 0.07166012085783798 0.9974206216587753
535535000000 10.156929016113281 0.08061845600605011 -22.72957992553711 0.0013828867109203313 0.003990525275723754 0.09284723649801976 0.9956714086519958
536537000000 10.202659606933594 0.11770737171173096 -22.93425178527832 0.0016596198396759722 0.004036273877396606 0.1191375050733399 0.9928681730421588
537504000000 10.324252128601074 0.1408068835735321 -23.13983726501465 0.0018553476736518245 0.0040957098874541175 0.14780597344347568 0.9890061562295526
538504000000 10.373937606811523 0.17376671731472015 -23.346893310546875 0.0020035067274246465 0.004182684300228179 0.1711591396163697 0.9852324801987711
539536000000 10.463888168334961 0.1806747317314148 -23.555234909057617 0.0021724812632784515 0.004287924679917743 0.19883348484954738 0.9800214994221734
540570000000 10.534460067749023 0.16900765895843506 -23.764894485473633 0.002286094734935149 0.004388814266516688 0.2298228642779595 0.9732198945435053
541503000000 10.59416389465332 0.25129416584968567 -23.975940704345703 0.0024271266038964874 0.004495523796511588 0.2526961756961554 0.9675321917697527
542535000000 10.649677276611328 0.29364466667175293 -24.188308715820312 0.002457454507255089 0.004592601122813519 0.2740493254242951 0.9617015317481616
543503000000 10.714350700378418 0.3268996775150299 -24.402368545532227 0.0025289555537196524 0.00475084224657032 0.30259731853771965 0.953103298019442
544504000000 10.832317352294922 0.3730854392051697 -24.61793327331543 0.0025111072891824972 0.00487665308787942 0.32745282125441943 0.9448516086917372
545537000000 10.916492462158203 0.44863083958625793 -24.835084915161133 0.002498501495290451 0.005000084644987605 0.3488614868671385 0.9371576279498932
546537000000 10.980308532714844 0.5360839366912842 -25.053665161132812 0.0024686799779071403 0.005123567683523824 0.36947562804924505 0.9292230168000439
547537000000 11.067660331726074 0.6043126583099365 -25.273460388183594 0.002395604835078226 0.005252024151034586 0.39244668011989275 0.9197566420432449
548536000000 11.147501945495605 0.7015798091888428 -25.494464874267578 0.0022938208622619236 0.005371998722715149 0.4147566118966119 0.9099136403547419
549504000000 11.239039421081543 0.8033390641212463 -25.71769905090332 0.002159609599946879 0.005491656242036863 0.43536583971333026 0.9002342825113928
550537000000 11.314416885375977 0.8220941424369812 -25.942541122436523 0.0020302946542220023 0.005608274259695363 0.4552690294718025 0.8903339463185981
551504000000 11.353415489196777 0.952726423740387 -26.169483184814453 0.0018823165782385271 0.005718923381943578 0.4744767396157708 0.8802474506428511
552504000000 11.400461196899414 1.029613733291626 -26.39756965637207 0.001732054634282497 0.005820764430221159 0.4912230879251637 0.8710126271056342
553537000000 11.479887008666992 1.116242527961731 -26.62752914428711 0.0015392699570262016 0.005926248395680207 0.5117733486325714 0.8590986845859775
554537000000 11.553959846496582 1.179192066192627 -26.859609603881836 0.001296609516924424 0.006030771555007754 0.536261181383736 0.8440295575032497
555537000000 11.558454513549805 1.2945606708526611 -27.094554901123047 0.0010944217027977136 0.006113671301987957 0.5514272882857706 0.8341998387665567
556537000000 11.56576156616211 1.4398633241653442 -27.33135986328125 0.0008825996538741718 0.006189132595240193 0.5657910306085914 0.8245249695057376
557537000000 11.62139892578125 1.5167230367660522 -27.570396423339844 0.0006580138428508771 0.006258813583738401 0.5797383577063784 0.8147783937207822
558570000000 11.652043342590332 1.6419384479522705 -27.81161880493164 0.00037653896047615753 0.006323944696032675 0.597660183883713 0.8017244979055954
559571000000 11.683008193969727 1.7483298778533936 -28.05522918701172 0.00012101176167563314 0.006359257939395818 0.6098321515501541 0.7925050738830153
560536000000 11.64197063446045 1.8390306234359741 -28.301668167114258 -0.00008716136991097211 0.00640627166259616 0.6177396948425588 0.786356548584739
561537000000 11.660160064697266 1.9552726745605469 -28.55131721496582 -0.00039226801167531613 0.006447429066371057 0.6350998660134568 0.7724030275535761
562571000000 11.727971076965332 2.0586628913879395 -28.804141998291016 -0.0007115932059899331 0.006470040940797994 0.6531560734867397 0.7571953353479658
563537000000 11.74528694152832 2.1713931560516357 -29.060077667236328 -0.001038593946907961 0.006478508761675461 0.6710457846922646 0.7413868794992132
564469000000 11.741331100463867 2.2074685096740723 -29.326236724853516 -0.0013870258948260553 0.006355541149449746 0.6860624116620915 0.7275136085052014
564469000000 11.73619270324707 2.2180018424987793 -29.435028076171875 -0.0015258398780146497 0.00629815627116359 0.6861614791715471 0.7274203939548061
564469000000 11.73619270324707 2.2180018424987793 -29.435028076171875 -0.0015258398780146497 0.00629815627116359 0.6861614791715471 0.7274203939548061
